1086287443_c8bbb487f7_1129_11289853@N02.jpg
410	252	432	252	51	2
594	84	616	84	28	2
278	262	300	258	28	1
360	94	380	96	28	2
554	282	578	280	51	1
714	278	736	278	28	1
716	382	734	384	1	2
248	362	266	364	1	1
1098114178_5b862e049d_1328_7914635@N03.jpg
200	200	222	204	51	2
850	216	874	216	28	2
252	302	274	304	51	1
354	334	372	336	75	1
758	312	776	310	28	1
688	290	706	288	51	2
538	302	556	306	51	2
494	310	512	312	51	1
610	312	628	310	51	1
424	312	440	312	28	1
535	362	548	364	1	1
1121913261_9321c785c6_1371_8465308@N07.jpg
214	398	236	400	28	1
106	270	132	270	28	1
210	238	232	242	28	2
908	382	932	380	75	2
766	382	788	382	75	1
674	238	694	238	51	2
544	366	564	370	75	2
418	294	438	294	28	2
532	288	552	286	28	2
650	384	670	382	75	1
524	440	544	438	5	2
324	286	346	286	28	1
1122740330_2dbc258f00_1308_8465308@N07.jpg
742	366	770	368	75	2
744	212	770	210	28	2
558	382	582	382	75	1
216	454	240	448	5	2
374	384	396	382	51	1
506	284	528	284	28	2
634	274	656	268	28	1
390	284	414	282	28	1
249	387	275	390	51	2
1132687353_52921503bb_1206_91365651@N00.jpg
426	200	446	200	51	2
222	226	244	230	51	2
652	374	672	374	75	2
316	250	334	248	75	1
386	452	406	456	51	1
756	202	776	202	51	2
764	374	784	374	51	1
448	124	466	128	51	1
828	238	844	232	16	1
550	244	566	240	28	1
542	422	562	420	28	1
674	228	693	228	51	1
1171693871_e3b3649ad7_1156_87225578@N00.jpg
668	310	690	308	51	2
220	216	240	216	28	2
504	228	524	228	28	2
714	186	734	186	28	1
674	146	692	146	51	2
592	198	610	200	28	1
456	410	474	410	51	1
336	162	354	162	51	2
478	164	494	164	28	2
354	224	372	220	28	1
353	307	367	308	1	1
496	485	513	477	5	1
749	419	767	423	5	1
1171756825_5d309919e9_1388_87225578@N00.jpg
644	326	666	328	51	1
476	368	498	370	51	2
220	212	242	212	28	2
500	226	520	226	28	2
714	182	734	182	28	1
470	164	488	162	28	2
596	198	614	198	28	1
326	156	344	158	28	2
358	220	376	220	28	1
682	140	700	138	28	2
352	308	365	305	1	1
421	466	439	468	1	1
667	419	685	430	5	1
1185052262_aa45d0802e_1120_17842394@N00.jpg
264	222	288	222	75	2
412	260	434	262	75	1
608	200	630	202	28	2
558	246	578	240	28	1
678	204	698	204	28	2
790	294	812	294	16	2
742	236	762	232	28	1
498	264	516	264	1	2
1228799853_e8c72105c6_1231_74075822@N00.jpg
404	362	424	358	75	1
570	356	590	354	75	2
300	358	318	356	1	1
416	128	434	130	51	2
636	128	654	128	28	2
312	146	330	144	51	1
544	160	562	162	51	1
762	258	780	258	10	2
272	292	290	290	10	2
698	176	714	174	16	2
1228834411_d22c4d6df2_1317_74075822@N00.jpg
570	356	590	354	75	2
300	358	318	356	5	1
416	128	434	130	51	2
636	128	654	128	51	2
312	146	330	144	51	1
1229604756_19f9a9b09f_1176_74075822@N00.jpg
362	82	384	82	51	2
600	98	620	100	51	2
502	342	524	342	75	2
296	388	320	388	16	2
494	492	516	490	16	2
688	520	710	516	10	2
672	346	694	346	75	1
462	136	482	134	51	1
804	368	824	366	5	1
692	122	710	120	51	1
1235676822_8e2cf2dbdf_1246_23389727@N00.jpg
112	78	130	82	28	2
876	100	894	98	28	2
500	192	518	194	28	2
212	112	230	112	51	2
266	140	284	138	51	1
636	196	652	196	28	1
504	326	522	326	5	1
660	122	674	120	51	2
796	138	814	138	51	1
744	160	760	162	51	1
556	332	572	332	75	1
334	130	349	133	75	2
404	161	421	158	51	1
558	137	573	137	28	2
1244548635_335222687c_1027_47864451@N00.jpg
796	270	828	270	28	2
182	260	214	260	28	2
124	118	152	118	28	1
398	268	428	266	75	2
622	322	650	322	75	1
288	134	314	134	51	1
722	152	748	150	51	1
890	160	916	160	16	1
520	172	546	170	28	1
1244559247_d8a220b92f_1091_47864451@N00.jpg
644	364	684	360	51	2
844	264	882	264	16	1
752	188	790	190	28	1
334	370	374	368	51	1
554	128	592	130	51	2
144	280	182	276	16	1
398	102	436	100	28	2
204	154	242	154	16	1
1244562429_a8b91a2417_1198_47864451@N00.jpg
532	148	574	152	28	2
660	416	706	420	51	2
874	308	922	306	16	1
314	428	360	424	51	1
358	114	404	110	28	2
88	330	132	322	16	1
166	202	210	198	16	1
794	208	838	206	28	1
1251821227_ef5c31d2e3_1195_47715766@N00.jpg
584	316	606	314	51	1
382	276	402	276	28	1
664	126	682	124	51	2
444	174	462	176	75	1
754	158	774	162	51	1
530	126	546	126	51	2
322	350	340	350	5	2
644	356	662	352	5	1
191	125	215	125	28	2
350	126	369	127	75	2
1265309409_ae96f56549_1076_7381462@N06.jpg
636	254	660	248	51	2
268	256	296	256	28	2
426	222	450	222	28	2
496	256	518	258	28	1
746	270	770	276	51	1
374	260	398	258	51	1
156	270	180	268	51	1
312	258	330	256	28	1
587	229	611	230	16	2
822	222	854	219	51	2
1305708419_f72b326cc0_1270_77289898@N00.jpg
344	127	354	125	16	2
165	130	176	129	51	1
310	125	320	123	28	2
249	132	259	130	51	1
109	142	119	141	51	1
296	159	306	158	16	1
162	191	172	190	10	2
122	104	132	104	51	2
211	127	221	125	51	2
224	229	233	229	5	2
1315923198_889b2644db_1293_59967126@N00.jpg
790	446	816	446	75	1
60	334	82	330	51	2
904	388	930	388	51	1
600	412	622	410	28	2
234	450	256	448	51	1
44	482	66	480	10	2
536	282	556	280	28	2
352	460	374	460	75	1
672	352	694	352	51	1
486	314	504	316	28	2
500	240	518	240	28	2
498	474	516	476	28	1
428	284	446	282	28	1
568	342	586	340	28	1
378	372	394	374	28	1
376	314	396	314	28	1
1315925720_bcef2efc04_1064_59967126@N00.jpg
174	122	194	124	51	2
84	282	106	278	16	1
834	162	856	162	51	1
778	206	800	204	75	1
332	234	352	232	51	1
456	106	472	108	28	2
596	192	614	188	28	2
426	236	444	236	51	1
510	72	526	68	28	2
348	166	366	162	28	1
716	126	734	124	51	2
526	248	544	248	28	1
442	34	456	36	28	2
240	74	254	74	28	2
558	124	576	122	28	1
644	138	662	140	51	1
400	82	414	88	28	1
358	103	377	105	51	1
1316452759_2c6433d0c6_1117_39683045@N00.jpg
350	262	368	262	28	2
490	302	510	302	28	1
600	300	620	302	28	2
292	218	312	220	51	1
776	246	794	238	28	1
390	312	408	314	10	2
740	288	758	292	28	2
550	348	566	348	5	1
1316850464_059ccf6457_1303_17093421@N00.jpg
500	78	520	78	51	1
664	118	684	118	51	2
178	78	198	80	28	2
596	94	616	92	28	2
598	388	620	392	28	1
386	60	404	62	28	2
296	356	318	360	28	1
418	234	438	236	75	1
482	264	500	264	5	1
244	116	260	120	10	1
151	193	169	196	5	1
1332663407_c224cadf0a_1163_12530314@N02.jpg
292	342	322	342	51	1
498	196	520	198	51	1
770	376	792	370	75	1
596	422	616	414	5	2
188	158	212	158	28	1
786	162	810	162	28	1
652	182	674	184	28	1
508	434	528	432	5	2
362	183	385	183	51	1
1351726065_1c547441f4_1274_11812618@N02.jpg
324	424	344	424	28	1
594	310	612	310	28	2
434	296	448	296	51	2
466	398	484	398	28	1
602	404	620	404	28	1
324	228	338	230	51	2
500	300	514	300	51	1
404	204	420	202	51	2
549	231	565	230	28	2
447	231	459	232	1	2
299	329	316	327	75	2
377	469	393	471	5	2
1362462557_44756adad9_1018_46556310@N00.jpg
526	408	542	402	75	1
210	216	228	216	28	1
486	222	502	218	51	1
864	220	880	216	28	1
276	336	292	336	10	2
400	416	418	414	75	2
370	246	386	238	28	1
498	64	514	64	51	2
558	248	574	242	51	1
326	246	344	244	28	1
554	494	572	496	5	2
262	44	276	40	28	2
654	54	668	52	28	2
784	60	798	60	28	2
874	56	890	56	28	2
744	224	760	228	28	1
656	240	670	238	28	1
184	84	198	86	28	2
418	64	432	66	28	2
810	220	824	224	28	1
146	205	164	201	28	1
114	107	131	105	28	2
358	60	374	62	51	2
563	68	575	65	28	2
478	286	491	287	1	1
1362463567_5916787d35_1394_46556310@N00.jpg
528	370	546	374	75	1
338	376	360	374	75	2
452	158	474	156	51	2
596	170	614	168	51	2
796	268	816	268	16	2
748	452	766	452	5	2
122	404	142	398	10	2
562	40	580	36	16	2
634	280	652	280	10	2
318	204	336	200	16	1
740	222	760	220	16	1
432	40	448	40	16	1
208	316	224	320	1	2
667	455	685	455	5	1
493	447	511	447	1	2
1362466653_0dd5ff9286_1323_46556310@N00.jpg
550	422	566	424	75	1
666	212	678	212	51	2
928	322	944	324	51	2
330	222	344	224	51	2
424	204	438	206	28	2
362	336	374	334	28	1
674	64	686	62	28	2
780	218	792	218	28	2
632	308	644	310	51	1
836	316	848	312	51	1
442	322	456	322	28	1
184	350	198	352	5	2
94	340	111	339	51	2
252	339	266	337	28	1
142	94	155	92	28	2
240	71	254	71	28	2
337	83	350	82	28	2
420	60	434	60	28	2
507	60	518	61	28	2
508	514	524	516	5	2
434	426	449	424	75	2
522	355	532	354	1	1
536	319	549	316	51	1
536	220	549	220	28	2
348	137	362	140	28	1
174	126	186	129	28	1
256	133	270	133	28	1
447	134	459	136	28	1
509	144	521	143	28	1
579	123	590	123	28	1
590	78	603	81	28	2
657	139	670	139	28	1
752	63	763	59	28	2
734	135	748	135	28	1
735	310	749	308	51	2
1367178063_0b87a2eaf3_1247_24408461@N00.jpg
72	134	88	135	51	2
407	122	423	119	28	2
350	126	367	126	51	1
253	171	267	172	5	1
118	197	134	197	5	1
303	90	321	87	10	2
129	49	144	51	16	2
211	78	227	77	16	1
1375134812_ef3f6339bb_1001_61235405@N00.jpg
250	132	270	130	16	2
652	206	676	204	51	1
802	116	822	114	16	1
50	230	74	230	10	2
180	268	202	268	5	2
508	50	530	50	16	2
782	242	802	244	5	1
962	272	982	274	5	1
353	189	378	188	51	2
495	389	518	389	1	1
1377132948_9ba06c797c_1197_71896124@N00.jpg
602	172	626	170	51	2
684	96	710	96	28	2
156	160	178	162	28	2
776	142	800	144	28	1
400	164	422	164	28	2
460	156	482	156	28	1
548	170	568	166	51	1
244	164	264	166	28	1
304	176	320	174	1	2
1381320931_84ee347e9c_1320_10505143@N02.jpg
245	82	258	82	75	2
359	145	372	146	10	1
363	71	374	70	51	2
80	121	92	121	10	2
413	102	426	101	28	1
297	113	310	112	75	1
176	137	189	137	28	1
126	71	138	70	16	2
191	48	202	47	28	2
293	34	305	34	28	2
248	154	259	151	5	1
443	161	453	163	1	1
1403097917_18d0947407_1248_34787600@N00.jpg
412	382	438	380	75	2
726	164	752	166	28	2
288	222	312	220	28	1
200	176	220	172	51	2
546	216	568	214	28	1
334	156	354	156	51	2
406	250	428	246	75	1
662	228	684	228	28	1
500	143	520	142	28	2
1418454809_e9d94e68f3_1194_10323195@N02.jpg
158	196	171	196	51	2
115	85	126	86	28	2
299	184	311	184	51	1
365	103	375	102	28	2
307	108	317	108	28	1
262	143	272	144	28	1
250	87	258	87	28	2
199	223	208	224	5	1
190	102	199	102	28	1
225	176	236	176	10	1
167	112	175	110	1	2
286	228	293	231	1	2
1426265127_16d1ba89c7_1052_9776171@N06.jpg
344	176	368	170	51	1
830	188	854	184	75	1
206	138	230	140	51	2
422	208	444	210	16	1
546	202	568	198	51	1
692	202	714	202	51	1
562	278	582	280	10	1
740	358	760	360	5	2
1443327433_96590d2167_1034_10394078@N07.jpg
422	330	440	334	75	1
730	154	746	152	28	2
222	144	240	144	16	2
732	250	752	252	28	1
416	164	434	162	51	1
576	278	596	280	28	1
252	290	272	294	28	1
492	162	510	160	51	1
343	118	362	118	51	2
590	188	607	183	51	1
1451089545_b79c4f8a85_1125_51035731372@N01.jpg
79	125	94	125	51	2
201	203	214	205	75	2
143	143	156	142	51	1
397	286	411	286	28	1
409	139	421	137	51	2
210	49	222	50	28	2
166	122	177	122	51	1
314	227	328	229	75	1
283	140	295	140	51	1
241	69	251	70	28	1
370	277	381	277	5	2
350	128	362	130	51	2
1486709791_2c6e60b7b2_1153_41894197938@N01.jpg
536	72	556	70	28	2
92	90	112	92	51	2
172	116	192	116	51	1
454	362	474	360	28	2
424	60	440	58	51	2
898	80	918	78	28	2
628	130	646	132	51	1
824	136	844	136	28	1
272	156	292	156	28	1
320	102	340	102	28	2
446	156	462	156	16	1
400	216	420	216	10	2
692	130	708	128	28	1
786	338	802	338	5	2
544	244	560	240	10	1
743	149	757	149	5	2
1490321862_ec4e5434a7_1417_11832924@N05.jpg
288	154	304	158	51	2
474	178	490	178	51	2
714	164	728	162	28	2
550	194	566	194	28	1
652	192	668	194	28	1
376	194	390	194	51	1
594	320	610	322	5	1
466	360	476	360	5	1
611	162	626	164	28	2
529	380	543	378	5	2
1535605697_19307ba74a_2407_61812409@N00.jpg
75	78	85	78	28	2
280	200	290	201	28	2
408	86	417	88	51	1
315	216	324	215	51	1
347	87	356	86	28	2
188	96	196	95	51	1
377	86	386	86	28	2
318	94	327	95	51	1
153	105	161	105	75	1
223	111	232	111	75	1
243	93	251	93	51	1
119	94	129	95	51	1
284	84	292	84	51	2
221	180	232	183	75	2
1678918823_02f0281be6_2335_42871015@N00.jpg
321	94	329	95	28	2
201	155	210	154	28	1
124	165	132	166	28	1
221	182	229	182	10	1
388	210	396	211	5	1
160	190	168	190	10	1
342	159	351	159	28	1
246	80	255	80	28	2
320	205	327	206	10	1
117	97	127	97	28	2
188	93	197	92	51	2
110	196	118	196	5	2
270	192	279	192	10	2
1684055214_41fbde7471_2300_69229986@N00.jpg
568	350	602	356	51	2
276	96	308	98	28	2
446	390	478	384	51	1
580	164	612	162	28	2
730	206	758	206	28	1
236	282	260	286	10	1
392	548	420	546	5	2
664	340	688	340	5	2
526	492	554	496	1	2
302	284	330	280	5	1
461	204	491	207	28	1
1715872052_02e31710bc_2239_10801163@N00.jpg
368	93	381	94	51	2
74	89	88	87	51	2
246	110	259	113	28	1
112	117	125	117	51	1
184	89	198	89	28	2
179	132	192	132	16	1
225	151	236	152	16	2
309	102	322	103	51	1
342	132	351	130	5	1
1719514424_eccc116dfb_2365_44988250@N00.jpg
301	122	311	122	75	2
59	55	69	54	28	2
297	69	306	70	28	1
352	137	362	136	28	1
340	52	349	52	28	2
406	45	415	45	51	2
163	47	172	48	28	2
210	43	219	42	51	2
101	62	110	61	28	1
253	62	262	61	28	1
165	148	175	149	5	1
433	154	442	152	5	2
246	163	255	163	5	2
309	172	317	172	1	2
241	127	252	127	75	1
401	132	411	128	28	1
138	154	146	159	10	1
1719696892_117a9f4a84_2239_18596944@N00.jpg
137	126	146	127	51	2
85	96	95	97	51	1
402	135	411	136	51	1
309	53	318	54	51	2
180	71	189	72	51	1
370	82	379	82	51	1
225	144	234	144	75	1
239	58	247	58	51	2
297	115	307	114	75	2
1721121853_9549d4a622_2259_12028800@N05.jpg
276	51	286	51	51	2
86	60	97	61	10	1
145	83	154	84	51	1
411	36	421	35	51	1
185	90	195	90	10	2
357	66	366	68	28	1
216	56	226	55	28	1
248	68	257	66	16	1
310	81	320	82	16	2
1813437382_20323582b5_2382_12589792@N05.jpg
308	296	336	296	51	2
834	180	858	180	28	2
658	188	686	188	28	1
160	196	186	194	16	2
478	398	504	400	51	1
426	482	452	484	5	2
308	168	332	170	28	2
548	116	572	116	28	2
444	144	466	146	28	1
716	102	738	98	28	1
758	210	780	206	1	2
644	98	666	96	28	1
1849007943_960ac01934_2247_17682221@N07.jpg
144	190	166	188	28	1
412	210	434	214	51	2
320	180	340	180	28	2
508	342	530	342	28	1
236	192	260	194	28	2
348	336	370	338	75	1
780	332	800	334	28	1
624	170	642	168	75	2
808	222	826	222	51	1
736	166	752	162	51	2
654	354	672	352	75	1
798	144	814	144	28	2
518	196	538	196	16	2
443	156	462	155	51	2
1869526913_b5a901ab15_2080_88279667@N00.jpg
325	105	337	101	28	2
194	115	204	116	28	1
94	117	104	116	51	1
156	35	166	33	28	2
35	28	46	29	28	2
257	112	268	111	28	1
297	174	307	173	10	1
345	51	356	51	16	2
297	46	307	46	16	2
393	50	404	48	28	2
380	126	388	122	5	2
158	159	170	158	28	1
255	44	264	44	51	2
104	36	113	36	28	2
205	57	214	57	28	1
1904310052_b3f87f4db7_2109_73432889@N00.jpg
538	382	564	378	28	2
196	404	222	400	75	1
792	390	816	392	28	1
264	120	286	122	51	2
670	262	692	262	10	2
380	424	404	426	51	1
598	100	618	98	51	2
432	112	452	112	51	2
574	464	594	464	5	2
268	278	288	278	10	2
430	270	448	266	10	2
722	509	739	507	1	2
1904318772_48c31e8872_2332_73432889@N00.jpg
634	446	664	444	51	2
826	468	856	466	75	1
188	92	214	96	75	2
138	438	170	434	51	2
650	102	676	98	51	2
408	550	438	550	10	2
396	188	420	190	51	1
502	278	530	278	10	2
352	346	376	350	10	2
740	152	762	144	28	1
1942207074_007714204f_2392_17459543@N00.jpg
462	654	496	652	28	2
604	666	636	674	28	1
214	670	242	668	16	1
468	416	494	414	51	2
196	250	222	254	28	2
352	284	376	284	28	1
462	288	484	290	51	1
598	538	620	538	5	2
316	496	338	496	5	2
546	248	566	250	51	2
666	306	688	306	28	1
488	544	510	546	5	1
616	264	632	264	5	2
157	349	174	349	1	2
378	432	402	441	28	1
591	370	607	373	1	2
1963920939_83efaa3e98_2211_72939190@N00.jpg
740	242	790	242	75	1
574	192	610	194	51	1
752	100	792	106	28	2
190	226	222	228	16	1
350	94	386	90	51	2
240	100	274	100	28	2
486	82	518	82	16	2
404	486	428	488	5	1
1979251145_07d65a2dfe_2246_47404211@N00.jpg
157	123	171	122	28	2
382	117	395	116	51	2
62	242	77	242	28	2
70	51	83	52	51	2
234	225	247	224	51	1
362	232	375	233	28	1
137	41	148	41	51	2
421	49	432	46	51	2
94	129	106	128	51	1
177	55	187	53	75	1
242	126	253	126	28	1
354	296	366	296	5	2
252	41	263	41	51	2
369	60	379	62	28	1
316	123	327	123	28	1
307	50	317	50	28	1
111	265	121	263	5	1
2006408409_651757c3cd_2351_13588009@N02.jpg
628	382	648	380	16	1
386	380	404	382	16	1
134	358	154	352	16	1
368	232	386	232	51	2
902	300	918	298	5	2
686	248	702	248	16	2
836	210	852	210	10	2
506	248	522	244	51	1
279	129	296	134	16	1
453	175	468	183	16	1
520	100	536	99	16	2
590	221	605	218	16	2
2006787555_a598b61182_2160_13588009@N02.jpg
72	216	94	210	16	1
778	276	800	274	16	1
888	258	908	258	16	2
196	196	214	196	16	1
318	166	338	164	51	2
256	304	274	304	10	2
498	184	514	186	16	2
414	222	432	218	51	1
586	242	604	246	16	1
666	300	684	302	10	1
380	306	398	306	10	1
558	418	574	416	5	2
2024911732_764fa53918_2078_31905608@N00.jpg
202	99	213	96	51	2
150	189	161	190	51	1
64	114	75	113	16	2
239	119	250	118	51	1
34	205	44	204	5	1
96	163	106	163	10	1
137	137	147	136	16	1
223	187	234	185	10	1
2038026634_eecff5283d_2297_9721792@N03.jpg
538	114	552	116	51	2
758	292	774	294	28	1
442	484	458	488	5	2
650	284	668	286	16	2
700	436	718	436	10	2
330	108	342	110	51	2
434	132	446	132	28	2
506	156	520	158	28	1
242	172	256	172	28	1
722	160	736	160	28	1
186	162	198	162	28	1
602	170	616	172	28	1
174	380	188	379	10	2
350	284	366	284	75	1
392	173	406	173	51	1
494	264	509	263	75	2
659	148	673	151	51	2
789	181	803	180	28	1
2051533328_e64a2f7654_2169_13217414@N06.jpg
970	278	990	278	5	2
82	176	102	178	28	1
612	198	628	200	51	2
438	198	456	194	51	2
744	204	760	202	51	2
332	210	352	212	51	1
794	280	810	278	5	2
728	274	744	274	5	2
604	284	618	286	5	2
224	188	245	191	51	1
457	286	472	290	5	2
885	227	903	222	51	1
893	286	912	290	5	2
2054735218_0384383b6f_2353_11764144@N03.jpg
436	126	447	125	28	2
357	133	366	134	28	1
308	138	317	139	51	2
169	120	179	121	28	2
75	125	84	125	28	1
211	130	220	130	28	1
107	114	117	114	28	2
254	122	262	122	28	2
137	151	145	151	28	1
411	163	419	164	1	2
2054735812_a8066682e5_2337_11764144@N03.jpg
64	149	73	149	16	2
118	154	127	152	28	2
381	135	390	134	28	2
301	144	309	142	28	2
415	143	423	142	28	1
185	157	193	157	28	1
219	152	227	152	51	1
351	156	359	156	51	2
94	177	102	176	16	1
143	174	149	172	1	2
262	145	271	145	28	1
2055391203_f875d2bb99_2296_58944004@N00.jpg
396	292	420	292	28	2
202	280	226	286	51	1
552	356	574	356	16	1
420	194	440	200	28	2
690	312	712	318	16	1
652	198	670	198	51	2
742	164	760	162	51	1
550	204	568	204	51	1
2056051985_aa45e60db2_2249_8692813@N06.jpg
239	250	256	249	28	2
121	277	139	274	51	1
404	248	422	247	16	2
170	192	184	192	75	1
65	215	78	215	5	2
335	158	349	159	28	2
102	174	113	179	51	2
307	217	320	217	1	2
292	170	305	169	28	1
2057467261_74ec6ae9e7_2254_74405317@N00.jpg
448	228	466	226	51	1
358	254	374	250	28	1
570	320	586	324	10	1
456	326	472	328	75	2
514	202	530	202	28	2
560	234	574	236	28	1
388	190	404	192	28	2
570	394	586	394	5	1
352	416	365	424	5	2
2058153431_9e5b9069fa_2036_82514542@N00.jpg
616	406	644	410	51	2
774	442	802	446	10	1
266	516	286	512	5	2
526	300	548	300	28	2
348	310	370	308	51	2
670	334	694	332	51	1
732	460	752	458	5	1
170	498	190	494	5	1
246	348	266	352	51	1
403	425	429	430	51	1
2058248477_daafaf0632_2375_66597387@N00.jpg
696	322	722	326	28	2
770	344	792	342	28	1
132	352	158	356	51	1
490	332	514	330	51	1
332	314	356	312	51	2
350	378	372	378	5	2
624	394	644	394	5	1
224	404	244	402	5	1
2058940864_d367ae17a1_2131_82514542@N00.jpg
788	448	808	452	16	1
398	430	424	432	51	1
682	332	706	330	51	1
528	306	552	304	51	2
350	310	372	310	51	2
262	508	282	506	5	2
742	474	762	472	5	1
250	350	268	352	51	1
149	483	171	486	5	2
620	403	648	407	51	2
2059729337_84b5966a32_2031_28939583@N00.jpg
828	288	854	290	28	1
276	316	304	314	28	1
416	344	442	338	28	1
574	346	600	344	28	1
506	284	528	282	28	2
670	286	694	284	28	2
586	252	612	252	16	2
174	292	202	292	51	2
350	266	376	268	28	2
722	328	748	322	28	1
446	470	468	468	1	2
729	435	747	437	1	1
2061322515_3d88e6a26b_2386_35237098411@N01.jpg
652	252	680	252	28	2
278	114	300	114	28	2
816	108	836	106	28	2
708	104	730	104	16	2
152	156	172	162	28	1
322	260	342	258	10	1
424	276	446	278	5	1
232	340	250	342	5	1
214	123	230	114	28	1
393	74	411	76	5	1
447	76	470	69	51	2
586	93	608	95	16	2
2076241760_b9b6fdf43a_2343_48543100@N00.jpg
532	340	564	346	51	2
746	350	774	352	5	1
404	140	430	130	51	1
240	194	272	192	51	2
728	222	758	224	28	2
816	152	844	146	28	1
524	118	550	118	28	2
418	472	442	476	5	1
127	126	154	132	28	1
2080300192_5da09b3ab0_2070_14752079@N00.jpg
924	48	946	46	51	2
350	138	368	132	51	2
828	88	848	86	28	2
460	136	478	138	75	1
570	164	590	166	51	1
408	210	426	208	16	1
750	94	768	94	16	2
508	118	524	122	75	1
642	108	658	104	16	2
222	142	238	138	16	2
616	150	636	150	51	1
718	150	734	150	28	1
58	160	72	158	28	2
274	158	290	156	28	1
109	169	128	164	51	1
171	136	188	136	51	2
308	106	326	105	51	2
418	121	433	120	75	2
2083003482_219510e14c_2126_23955292@N00.jpg
326	414	352	412	28	1
578	362	606	362	28	2
148	58	172	62	51	2
802	208	826	206	51	1
140	210	164	210	51	1
442	564	466	562	5	2
892	188	916	186	28	2
370	260	392	256	51	1
540	234	556	236	51	2
840	72	860	70	75	1
238	240	256	240	10	1
694	280	710	278	5	1
2091389356_a49f9c929f_2285_7581488@N04.jpg
826	190	844	190	51	1
114	158	134	156	28	2
912	158	930	158	28	2
554	280	572	280	75	2
224	174	244	174	28	2
462	296	478	298	75	1
704	178	720	176	51	2
512	156	528	158	51	2
384	202	400	202	28	1
760	140	778	140	28	2
618	156	634	154	28	1
426	174	442	176	28	1
308	147	324	143	51	2
2092564872_7a7ccf8132_2347_47957091@N00.jpg
321	194	336	194	28	1
106	202	122	204	16	2
384	190	399	189	28	2
271	85	282	87	51	2
169	219	181	219	5	2
144	82	157	84	51	2
194	80	207	80	51	1
405	77	417	74	28	2
331	105	342	107	28	1
213	202	229	204	16	2
359	102	366	96	1	2
2095772879_4b1d32fbb1_2161_44124356900@N01.jpg
538	290	564	292	51	1
98	126	124	126	51	2
212	128	238	128	51	1
926	152	952	152	51	1
530	92	548	94	51	2
354	126	376	126	51	1
782	146	804	144	51	1
558	154	574	154	1	2
410	205	431	202	1	2
2106282242_59536f7d2b_2058_16874846@N04.jpg
122	167	137	168	51	2
210	136	224	135	16	2
408	69	421	69	51	1
75	88	87	89	51	1
351	187	364	187	75	1
145	66	157	66	28	2
317	62	329	62	28	2
236	72	248	72	28	1
2114438546_9c34d7ca4c_2231_20947166@N00.jpg
42	182	70	190	75	2
724	316	754	318	28	1
100	428	126	436	5	2
538	306	564	306	51	1
642	162	666	162	28	2
324	168	350	170	28	2
350	326	374	328	28	1
486	148	510	146	51	2
184	432	208	430	1	2
164	180	188	180	28	2
810	324	836	320	51	1
556	426	580	428	1	2
176	314	202	312	28	1
340	464	360	464	1	2
788	445	807	446	1	1
2115728550_af6eb3e145_2072_10749660@N06.jpg
698	270	722	270	51	1
216	272	244	270	16	1
308	300	338	294	16	1
490	42	516	40	51	2
534	280	560	282	51	1
410	320	432	320	5	1
304	64	326	66	51	2
668	68	692	64	51	2
2116984278_51c9f033c1_2342_44124484001@N01.jpg
562	216	580	214	75	2
708	232	726	232	51	1
306	278	320	282	75	1
436	186	450	186	51	2
206	192	220	192	51	2
148	202	164	204	51	2
474	212	492	210	51	2
308	200	322	200	28	2
656	202	672	200	75	2
932	238	948	236	28	1
896	200	912	198	28	2
268	140	282	140	28	2
358	310	372	312	10	1
834	192	850	190	5	1
588	176	602	174	51	1
364	261	380	259	75	1
375	193	390	191	51	1
477	150	493	151	28	1
388	323	399	327	1	2
614	233	629	233	1	1
745	188	763	185	51	2
765	245	779	246	1	2
2119222206_790fd0305f_2282_44124427374@N01.jpg
294	120	316	120	51	2
104	100	130	98	28	2
456	102	480	100	28	2
650	114	674	118	51	2
204	140	224	138	28	1
886	168	910	166	51	1
766	170	788	166	28	1
832	108	856	104	51	2
388	160	412	158	51	1
518	166	542	166	51	1
620	172	644	170	51	1
572	226	596	226	10	1
2119399966_1666e008a4_2345_43879964@N00.jpg
98	178	132	182	51	2
912	226	942	224	51	1
754	448	780	450	10	2
688	208	714	206	51	2
550	406	578	404	51	1
496	140	524	140	51	2
224	206	252	204	51	1
394	256	418	258	51	1
352	438	380	434	16	1
800	240	826	240	51	1
2124546096_36dee35fbf_2048_19211054@N00.jpg
680	406	728	396	75	2
428	118	470	118	51	2
504	458	548	454	75	1
258	140	302	142	51	1
222	432	264	432	5	2
770	106	808	110	51	2
578	130	614	132	51	1
484	658	524	656	1	2
2134167294_361ea22ef0_2010_21009349@N07.jpg
774	152	790	150	28	2
280	114	296	116	28	2
158	118	178	120	75	2
850	186	868	186	51	1
804	312	820	308	75	1
450	166	466	168	16	1
696	336	714	336	75	2
692	430	708	434	5	1
656	162	672	164	51	1
352	246	368	246	10	1
538	170	554	168	51	1
432	264	444	264	10	1
357	148	375	150	51	1
496	182	508	181	1	2
626	183	637	182	1	2
720	169	732	169	1	2
2137543932_8ba62cf22f_2182_24931525@N00.jpg
174	212	194	212	75	2
310	238	326	242	28	2
532	258	548	260	28	1
470	230	490	232	51	2
704	246	722	244	28	2
424	266	442	266	51	1
362	272	378	274	28	1
498	314	514	314	16	2
268	252	286	256	51	1
696	420	712	416	5	2
614	264	632	262	16	1
424	468	440	470	5	1
612	404	628	402	10	1
710	312	728	310	16	2
784	268	799	267	75	1
2137841912_8b21c408c4_2416_82507185@N00.jpg
776	144	802	136	28	2
110	344	138	350	28	2
152	234	176	240	28	2
668	444	694	440	28	2
472	250	494	244	28	2
730	218	750	210	28	2
350	252	374	254	28	2
242	244	262	250	28	2
244	156	266	154	28	2
596	244	616	236	28	2
190	132	212	132	28	2
512	156	530	156	28	2
620	148	638	148	28	2
694	150	714	144	28	2
430	138	450	138	28	2
356	152	374	154	28	2
459	434	487	438	16	2
2139017691_91c5ac091c_2378_13212043@N03.jpg
192	322	218	324	28	2
364	342	388	340	16	2
658	324	682	324	28	2
824	336	848	336	28	1
312	190	334	190	51	1
432	194	452	194	28	1
900	152	920	152	28	2
696	210	714	210	28	1
151	140	178	145	28	2
585	202	607	204	51	1
478	345	501	341	51	1
547	446	562	454	1	1
808	177	826	181	28	1
2139768223_8f8cc99270_2023_60898836@N00.jpg
36	112	50	111	75	1
125	107	138	108	28	1
205	56	220	56	28	2
455	72	471	74	16	2
398	141	411	145	16	1
283	104	298	105	28	1
353	116	367	115	28	1
288	182	299	184	10	1
2139849465_1f40ce8587_2207_18775660@N00.jpg
760	130	780	128	51	2
590	268	610	268	51	1
772	326	790	324	28	1
392	118	412	120	75	2
218	160	240	162	28	2
388	304	408	308	75	1
198	306	218	310	28	1
450	472	468	470	1	1
578	132	598	132	51	1
2145266717_9cc74f70e1_2108_61276221@N00.jpg
822	178	848	176	51	1
202	244	226	242	51	1
658	294	682	290	75	2
448	96	472	96	51	2
700	114	720	112	16	2
496	302	520	300	10	1
364	366	388	362	75	1
566	172	590	172	51	1
257	79	283	79	75	2
2145597361_b4c4109236_2173_50508914@N00.jpg
862	180	886	178	28	2
314	402	338	402	51	1
744	244	768	244	28	1
434	394	458	392	75	1
172	250	196	248	28	1
592	360	616	362	51	1
144	150	166	156	28	2
794	154	814	150	51	2
446	150	466	148	51	2
260	150	280	148	28	2
660	154	678	152	51	2
534	158	552	154	51	2
358	144	376	144	28	2
2146699154_017081ab74_2304_66353259@N00.jpg
174	340	204	340	16	1
826	186	852	182	51	2
406	352	436	354	51	2
204	196	230	196	51	2
658	236	684	236	51	2
552	362	580	362	51	1
714	382	742	380	10	2
364	64	386	64	51	1
538	96	560	96	51	1
2146868506_ed4a0853d1_2255_76994867@N00.jpg
148	248	184	250	28	2
350	288	386	284	28	1
680	292	714	298	51	2
768	310	800	304	51	1
312	100	340	96	51	2
700	112	728	110	28	2
538	140	566	142	51	1
250	196	272	196	5	2
2147622042_3988f06610_2096_18593577@N04.jpg
154	98	184	102	28	2
306	344	344	342	10	2
504	248	538	250	16	1
446	100	476	98	28	2
718	354	750	352	10	2
674	134	704	134	51	2
592	200	622	200	51	1
320	206	352	204	28	1
2147943585_41c256e64d_2156_21200017@N04.jpg
860	236	890	234	28	2
356	186	384	192	51	2
596	214	624	214	51	1
222	106	246	108	16	2
478	116	502	118	16	2
722	122	746	122	16	1
162	316	186	318	10	1
442	398	464	400	5	2
2149739691_3c8cb00db8_2107_64107874@N00.jpg
444	368	466	374	51	1
726	376	748	376	51	1
540	382	560	376	28	1
590	432	610	430	5	2
352	174	370	172	28	2
576	220	594	218	75	1
506	176	524	176	75	2
668	188	686	184	51	2
806	386	820	394	5	2
411	445	430	449	5	2
2150526681_0d88ea762d_2288_30126248@N00.jpg
894	284	922	280	75	1
504	256	536	262	75	2
704	266	734	262	51	2
176	446	206	448	51	2
250	376	280	376	51	1
478	384	506	388	5	1
300	464	324	458	5	1
294	106	314	104	1	2
483	82	511	80	51	1
203	84	228	86	51	1
2155419069_a86230f03f_2380_68941862@N00.jpg
192	716	230	714	5	2
332	432	364	430	75	2
572	432	604	434	16	1
608	734	640	730	5	2
544	170	572	170	28	2
348	132	376	130	16	2
76	156	108	162	51	1
204	540	228	542	5	2
2158241791_39b421e8d4_2329_67298685@N00.jpg
334	314	356	314	75	2
510	314	534	314	75	1
644	318	668	316	51	2
558	150	580	148	28	2
140	164	160	164	51	1
368	138	388	138	51	2
664	168	682	170	51	1
818	150	838	148	51	2
872	200	892	200	51	1
826	296	844	296	10	1
468	158	488	158	28	1
750	182	770	184	28	1
207	195	229	197	75	1
245	132	263	134	28	2
312	183	331	185	16	1
2163144744_4a36bda1a6_2166_20901882@N03.jpg
472	376	500	376	51	1
540	238	572	236	51	1
142	186	166	188	51	2
658	136	682	136	51	2
276	460	302	460	10	1
880	400	902	404	51	1
864	156	888	158	51	2
714	382	740	384	28	1
368	162	392	166	28	2
702	492	726	492	1	1
2164433535_83f0bfc561_2241_28423104@N00.jpg
68	88	83	88	51	2
207	77	220	79	75	2
242	195	258	194	51	1
132	197	146	196	51	1
312	129	325	132	28	1
338	223	352	221	51	1
356	135	369	136	51	1
149	310	163	309	5	2
169	60	180	63	28	1
355	75	367	73	28	2
255	65	264	63	51	2
286	83	296	82	28	1
144	102	158	107	75	1
2164633433_d2b6cd6f8b_2071_14913076@N05.jpg
394	280	424	280	51	2
740	118	764	122	16	1
246	134	272	134	16	1
418	90	442	88	16	2
546	232	572	232	51	1
284	614	310	612	5	2
648	368	674	366	5	1
478	382	500	384	1	1
2166576233_564cb5f11e_2407_83345467@N00.jpg
107	191	121	194	28	2
171	212	187	210	28	1
394	197	409	199	28	2
283	125	296	128	28	1
217	126	231	126	28	2
356	51	368	51	51	2
101	66	113	67	28	1
158	56	169	54	75	1
256	57	267	57	51	1
207	63	218	62	75	1
304	69	314	72	51	1
335	207	350	208	28	1
2166653536_d4a3c56145_2106_89484578@N00.jpg
146	340	170	336	75	1
752	312	776	308	75	1
620	268	642	266	51	1
740	494	766	492	5	2
878	264	900	260	75	2
150	238	170	240	28	1
328	170	350	170	28	2
196	164	216	166	51	2
668	216	688	220	51	2
266	246	286	246	28	1
506	136	524	136	51	2
750	206	772	204	28	1
94	261	111	259	1	1
648	157	667	156	28	1
165	452	198	453	75	1
2168716459_1a962c6da4_2121_73912931@N00.jpg
272	191	290	192	16	2
363	39	378	38	75	1
163	248	177	251	51	1
119	192	136	193	16	1
234	77	247	74	16	1
208	40	222	40	51	1
216	140	231	141	75	2
244	137	256	136	51	1
156	77	169	82	16	2
187	103	198	111	16	1
2173659509_334caeb34c_2043_74488481@N00.jpg
564	238	598	240	51	2
476	290	504	292	5	1
704	344	734	348	5	2
652	264	684	260	51	1
412	210	438	212	51	1
474	134	498	140	28	2
546	144	568	142	51	2
626	152	650	150	75	1
2174723627_fbef15b009_2179_70188962@N00.jpg
341	164	351	164	16	2
240	167	252	167	16	1
39	114	49	113	16	2
180	116	191	114	16	1
388	162	399	160	28	1
127	181	137	181	28	1
135	137	145	136	10	2
248	103	258	103	28	2
311	107	321	108	28	1
467	116	477	114	16	2
365	117	375	116	16	1
77	153	88	152	10	2
383	66	392	66	16	1
153	91	162	92	10	2
66	178	78	177	16	1
410	185	419	180	16	2
2180018825_109e82c817_2356_9181937@N03.jpg
780	366	802	358	28	2
388	368	414	368	28	2
582	364	608	362	28	2
252	274	272	280	28	1
194	370	216	372	28	1
486	296	506	298	28	1
488	508	506	508	5	1
678	296	700	294	16	2
284	422	306	422	5	2
373	280	391	290	28	1
2180156393_edb7b792c7_2412_34387494@N00.jpg
756	350	780	350	28	2
782	200	804	200	51	2
536	228	556	228	51	2
674	416	694	410	28	1
560	606	580	610	10	1
278	256	296	258	75	1
690	254	710	254	51	1
402	598	424	592	5	2
302	180	320	182	28	2
160	204	178	202	28	2
200	248	218	252	28	1
414	248	432	252	28	1
650	206	668	204	51	1
410	162	426	162	28	2
571	177	589	184	51	2
2183937996_ac1a3819df_2115_17293309@N04.jpg
37	119	51	118	75	2
247	177	261	175	28	2
38	264	53	262	28	1
137	277	150	276	28	1
368	192	381	189	28	2
266	112	278	113	51	2
330	251	341	253	1	2
291	275	303	276	5	2
134	123	145	124	75	2
244	259	258	266	5	1
439	118	454	114	75	1
2184359657_6ac70de030_2103_66481598@N00.jpg
66	440	112	450	28	1
614	392	660	402	28	1
114	162	152	160	28	2
502	164	544	160	28	2
242	248	284	252	28	2
396	232	434	234	28	1
634	36	666	32	51	2
344	96	378	94	28	2
532	326	571	342	28	1
2192353219_af808fd717_2364_8675762@N07.jpg
156	170	190	174	51	2
308	222	338	222	28	2
416	232	446	234	28	1
638	170	664	174	28	2
836	220	868	220	51	1
564	580	598	578	5	2
780	216	806	206	51	2
570	224	600	224	51	1
378	412	404	410	75	2
614	398	637	398	1	2
725	455	757	442	75	1
2192634464_9577756831_2355_15775662@N00.jpg
380	470	412	466	5	2
752	250	782	250	51	1
690	456	720	454	10	1
432	250	460	250	75	1
580	436	612	434	28	1
506	206	534	206	75	2
866	232	892	236	5	2
180	188	208	190	51	2
234	199	257	211	51	1
2192750354_0e36e7beec_2039_9551706@N03.jpg
182	396	202	396	51	2
86	286	108	288	51	1
802	378	820	376	51	2
262	256	280	258	51	2
742	266	760	262	28	2
316	392	332	392	51	1
682	392	698	392	75	1
568	402	582	400	75	1
906	304	922	300	51	1
506	268	522	268	51	2
822	304	838	306	51	1
232	310	248	310	51	1
152	308	168	306	28	1
580	262	596	264	28	2
444	414	458	414	51	1
346	294	360	290	28	1
673	266	688	267	51	2
445	256	462	255	51	2
2193638343_3ca8ee2922_2117_61846775@N00.jpg
658	394	680	390	10	2
110	326	132	326	51	1
264	352	290	352	16	2
464	370	488	370	51	1
738	388	762	392	16	1
294	270	312	272	16	2
776	188	792	184	28	1
212	164	230	164	16	2
690	254	706	252	16	1
572	274	590	274	16	1
896	78	912	80	51	2
728	182	748	184	51	2
644	44	660	44	51	2
346	302	362	302	16	2
458	268	476	268	75	1
626	282	644	282	10	2
840	102	856	102	51	1
552	66	566	62	51	2
504	116	518	114	51	1
144	39	161	35	51	2
225	91	241	86	28	1
302	126	316	129	16	1
328	85	344	88	28	1
379	126	393	129	51	1
453	105	466	104	16	2
654	139	672	143	28	1
733	88	748	89	28	1
783	68	798	68	51	2
876	247	897	242	28	1
2193691787_696b2fdd86_2067_37987459@N00.jpg
484	502	502	504	5	1
374	518	392	516	5	2
662	378	680	378	28	2
722	146	738	146	51	2
334	174	350	180	28	1
790	404	806	406	28	1
524	122	540	124	28	2
442	170	460	168	28	1
632	442	648	442	1	2
628	162	642	162	51	1
306	108	322	116	28	2
2193973444_5600cc7ef2_2413_83688465@N00.jpg
362	225	375	222	28	2
198	217	211	218	75	2
304	233	317	236	28	1
107	50	117	54	51	2
340	63	351	64	28	1
339	300	350	302	5	2
263	43	273	41	51	2
214	59	224	60	75	1
387	66	399	65	28	1
151	212	163	213	28	1
151	58	161	58	75	1
2199889592_64a7cd7e49_2062_20492214@N00.jpg
367	141	377	140	75	2
101	136	111	137	28	2
319	138	330	138	51	1
205	125	214	125	51	2
142	144	152	146	51	1
246	131	257	129	51	2
247	232	257	232	5	2
350	259	359	260	5	2
173	168	181	168	1	1
2201222790_07a813dbed_2073_17471852@N00.jpg
140	120	164	122	51	2
650	98	672	92	51	2
412	146	438	142	51	2
492	144	516	144	51	1
706	162	728	162	75	1
600	176	620	174	75	1
224	182	248	180	51	1
708	318	730	310	5	1
338	280	360	280	10	1
442	404	462	400	5	2
616	348	636	348	5	1
208	376	228	376	5	1
854	130	877	126	51	2
2201553929_8067f97080_2069_98061969@N00.jpg
446	74	460	72	75	2
392	105	404	104	75	1
277	95	288	95	51	2
339	112	349	110	28	1
217	99	226	99	28	1
178	124	188	125	51	1
91	133	101	134	51	1
316	72	327	71	51	2
251	78	261	76	28	2
148	110	158	110	51	1
55	110	64	110	51	2
110	107	120	107	51	1
2202344036_fda2359224_2209_98061969@N00.jpg
419	130	430	131	75	1
322	76	333	78	51	2
55	123	65	123	51	1
241	82	251	81	28	2
199	105	208	104	28	1
370	127	380	127	51	1
150	121	160	120	28	1
104	116	113	116	51	1
2202345280_323bee1105_2404_98061969@N00.jpg
349	65	362	66	51	2
415	82	426	83	28	1
162	75	173	74	51	1
390	38	402	38	28	2
274	46	286	44	28	2
111	73	121	72	51	1
235	69	245	68	28	1
64	74	74	74	51	2
2203283626_3e43e60e17_2202_20947166@N00.jpg
770	392	800	392	28	1
166	364	198	362	28	1
426	384	456	384	51	1
856	256	884	258	28	2
600	364	630	364	16	1
526	228	554	228	16	2
152	198	182	198	16	2
356	210	386	208	51	2
676	238	702	236	28	2
2203393755_e5b0634fe9_2154_25084244@N00.jpg
836	430	856	428	51	2
140	456	166	458	28	1
262	352	284	356	28	2
406	426	428	428	28	2
478	492	500	494	51	1
318	476	342	476	28	1
594	482	616	482	75	2
734	502	754	498	28	1
842	586	864	588	5	2
298	580	316	580	1	2
648	554	668	554	5	2
2211501574_cfbd1ab103_2172_84861456@N00.jpg
796	208	812	208	51	2
752	144	768	144	51	2
250	160	268	162	28	2
238	212	254	216	28	1
554	206	570	208	16	2
632	156	648	154	75	2
596	252	614	252	75	1
686	252	702	252	51	1
326	130	338	132	51	2
420	146	434	148	51	2
464	164	478	164	51	1
345	216	360	220	28	1
363	174	378	174	28	1
494	305	507	308	5	2
549	150	564	150	28	1
690	181	705	181	28	1
280	133	293	138	51	2
2221133435_ca0d1123f7_2057_22409657@N05.jpg
736	360	796	360	51	2
854	226	886	226	51	1
108	218	140	222	51	2
188	190	220	194	51	1
392	178	420	182	28	1
548	112	572	104	28	2
756	206	782	204	28	1
674	140	698	140	28	1
470	145	494	151	51	1
2222520734_44e60bc1d4_2022_20947166@N00.jpg
304	202	346	198	51	2
174	404	220	400	28	1
426	410	466	408	51	1
104	258	146	260	28	2
704	222	740	216	16	2
510	234	548	224	16	2
622	372	660	374	16	1
870	242	902	246	16	2
754	475	791	470	16	1
2225775560_c1eb8fa51a_2006_23234180@N02.jpg
686	306	710	308	28	1
600	390	624	388	28	1
868	260	890	264	28	1
304	454	326	450	28	1
396	492	418	490	28	1
276	244	294	244	28	1
366	230	386	232	28	1
776	256	796	256	28	1
596	262	616	264	28	1
526	238	546	240	28	1
426	264	444	260	28	1
2228361461_fe083ee64f_2061_11291250@N00.jpg
426	122	442	122	75	1
182	84	196	83	28	2
285	160	299	159	75	1
214	129	228	126	51	1
353	89	367	89	28	2
266	88	282	89	28	2
355	211	368	211	10	1
128	93	141	93	28	2
312	119	324	118	51	1
390	125	407	121	75	2
2229031540_c1fa89e2c3_2311_74953783@N00.jpg
728	300	744	302	16	2
814	296	832	296	28	2
702	182	718	182	16	2
622	208	640	208	16	2
754	204	768	204	28	2
206	244	222	244	16	1
600	352	616	354	5	2
448	240	464	240	51	1
260	230	274	230	28	1
520	230	532	228	51	2
498	334	514	334	10	1
296	192	312	188	16	1
568	160	582	156	28	2
346	358	360	356	10	1
410	198	426	198	28	1
470	144	484	144	51	2
359	130	374	131	28	1
378	177	391	174	51	1
521	176	531	173	1	1
650	151	663	149	16	2
407	436	420	436	5	1
359	241	375	239	28	1
2233483577_9633c4a316_2151_63817448@N00.jpg
688	314	712	318	51	1
418	82	442	88	28	2
284	140	308	140	28	1
388	320	412	316	28	1
208	62	232	60	28	2
572	92	594	88	28	2
498	290	520	288	5	2
630	252	648	250	5	1
676	164	694	154	51	1
2244122437_e66500d312_2152_55616657@N00.jpg
788	420	824	420	16	1
138	462	176	460	16	1
514	430	548	426	75	2
172	260	200	266	28	1
290	282	318	276	28	1
826	174	854	172	28	2
608	264	634	262	51	1
484	242	508	242	51	2
772	214	794	216	5	2
414	260	434	260	1	1
350	463	385	459	75	1
2244645343_691c527b4f_2095_78826555@N00.jpg
370	360	402	358	51	1
868	328	896	328	51	1
242	216	268	214	51	2
834	158	860	156	75	1
696	268	720	264	75	1
92	144	116	144	51	1
448	216	470	218	51	2
594	238	616	236	51	1
2247615293_a4ff517231_2401_65782388@N00.jpg
750	242	774	246	51	2
422	268	446	270	75	2
772	150	792	150	51	2
576	292	600	292	75	1
128	118	148	120	28	2
262	266	282	268	75	1
382	128	402	128	28	2
866	180	886	176	51	1
836	128	854	126	28	2
248	160	268	162	28	1
632	178	654	178	51	1
488	146	510	146	28	1
198	146	216	148	28	2
408	48	428	50	28	1
712	56	732	58	51	1
612	66	628	64	51	1
300	142	320	144	51	2
916	284	934	286	10	2
506	58	524	60	28	1
2252174021_91a4d5b51a_2290_72128396@N00.jpg
778	314	800	310	28	2
644	354	662	356	16	2
186	244	204	244	28	2
270	408	290	406	5	2
396	332	414	332	75	1
734	152	750	152	51	2
200	166	214	168	51	2
504	316	522	316	75	2
552	178	568	176	51	2
296	192	310	192	51	1
792	190	808	190	51	1
310	252	328	254	28	1
518	250	534	250	10	2
464	186	478	186	75	2
628	184	642	182	75	1
708	242	724	240	28	1
604	254	622	254	28	1
302	324	316	324	5	1
384	194	396	194	51	1
429	258	444	260	16	1
2267734989_f5dafd358d_2335_21322900@N00.jpg
458	118	480	112	10	2
312	152	334	156	5	2
520	294	542	292	1	2
706	176	730	172	5	1
434	222	456	218	5	1
386	154	406	152	5	2
550	134	570	134	5	2
648	174	670	176	5	1
2268540018_89372f5f98_2001_21322900@N00.jpg
260	458	282	460	5	2
92	476	114	476	5	2
598	460	620	460	5	2
530	376	550	376	75	1
468	480	492	480	10	1
540	566	562	566	5	2
378	396	400	396	75	1
404	524	428	522	5	1
256	640	278	638	1	2
2273377350_ec5b6148ab_2360_32826012@N00.jpg
562	446	594	448	51	1
418	500	450	502	28	1
286	354	316	354	28	2
550	296	576	296	28	2
638	334	666	336	28	1
488	346	518	344	51	1
434	278	460	270	28	2
352	324	378	326	28	1
697	321	726	310	28	2
2275763419_bda26761e2_2355_25801622@N00.jpg
332	378	354	382	28	2
764	392	788	392	28	2
126	406	148	402	28	2
594	400	618	400	28	2
526	192	546	196	75	1
184	322	202	324	51	2
424	256	444	256	28	2
456	434	478	436	28	1
574	112	592	108	51	2
288	320	304	316	51	1
651	72	672	67	28	1
2277279283_cb1de5ef6a_2373_17962660@N00.jpg
560	458	594	456	28	1
352	316	382	318	28	2
652	348	680	350	28	2
194	132	218	136	28	1
476	310	500	306	28	1
344	120	366	122	28	1
872	182	892	184	28	2
610	260	634	256	28	2
792	392	812	392	28	1
448	74	468	76	28	2
724	174	746	170	28	2
558	102	578	104	28	2
614	100	632	100	28	1
2280482759_4ca71d997d_2376_84197163@N00.jpg
802	486	840	486	51	2
166	344	198	340	28	2
206	476	240	482	28	1
262	234	288	238	28	1
726	366	756	366	28	1
684	206	708	204	28	1
448	322	474	318	16	1
362	180	384	180	51	1
528	166	550	164	75	1
556	230	572	232	5	1
2281753020_b8fa61fa81_3097_7908450@N03.jpg
440	446	460	442	28	2
250	470	268	468	28	2
386	642	406	642	16	1
168	494	186	492	10	2
314	502	332	500	10	2
260	592	280	592	16	1
374	474	390	476	10	2
306	412	322	408	28	1
394	385	411	379	51	1
2281809618_dd941b23b8_2313_8075483@N07.jpg
474	570	520	566	75	1
274	376	316	378	75	2
726	174	766	172	51	2
288	204	326	198	28	2
236	652	282	656	5	2
688	412	728	410	28	1
482	126	520	128	28	2
502	282	538	284	28	1
794	608	828	604	1	2
188	260	216	260	1	1
2282803497_c63d57be46_2022_66007759@N00.jpg
436	452	460	448	75	1
530	248	554	244	75	1
614	252	642	250	28	1
122	172	146	170	28	2
968	178	996	178	28	2
262	440	288	438	51	1
616	442	638	444	51	1
770	260	796	256	28	1
374	220	398	220	28	1
266	290	290	286	16	1
48	277	73	282	51	2
154	288	179	282	51	1
738	197	765	196	51	2
2284111398_12fcc931dd_3169_57815233@N00.jpg
664	368	690	376	28	1
364	376	388	374	28	2
586	450	608	454	5	2
536	318	554	316	10	1
474	198	492	202	51	1
590	350	606	344	5	2
458	424	476	424	5	2
742	140	765	135	75	2
622	159	645	154	75	2
635	317	650	298	28	2
2287866761_9d782bc68a_3075_33941854@N00.jpg
816	96	836	100	28	2
410	276	432	278	75	2
572	308	592	310	75	1
184	108	206	110	28	2
164	314	188	316	28	1
768	302	790	304	28	1
530	372	550	370	10	1
812	364	830	368	10	1
207	419	225	423	1	1
2290516493_e9fb4f07a9_3178_65329846@N00.jpg
698	466	722	468	5	2
454	262	476	264	75	2
540	334	560	332	75	1
400	172	418	170	51	1
728	110	746	108	51	2
230	126	244	128	51	2
310	176	328	176	28	2
220	236	238	236	28	1
630	294	648	292	16	2
565	148	581	147	16	2
669	181	686	181	51	1
2296003515_f460bf5426_3157_30408221@N00.jpg
168	181	180	181	51	1
276	123	286	123	75	1
346	102	356	100	28	2
223	192	233	191	5	1
122	92	133	92	51	2
199	114	209	114	51	1
340	174	351	174	28	1
377	192	387	194	5	1
147	228	157	228	5	2
248	75	259	73	75	2
2315231176_f07ba7d1c3_2386_9930481@N08.jpg
478	464	512	460	28	2
586	476	624	478	28	1
514	74	548	74	28	2
776	528	808	530	28	1
364	346	396	348	28	1
806	216	838	222	28	1
420	124	452	130	28	1
700	174	730	172	28	1
652	90	684	86	28	2
324	250	355	265	28	2
2320361847_0bbd64a38a_2111_81262791@N00.jpg
370	146	392	148	28	2
236	202	256	202	51	1
626	200	648	200	51	1
914	216	934	218	75	1
300	108	320	108	75	2
582	130	600	132	75	1
488	188	508	188	28	1
66	252	84	248	75	1
696	118	714	118	75	2
734	38	754	38	51	2
886	42	906	42	28	2
98	122	118	122	28	1
868	154	886	152	51	1
778	196	798	196	28	1
62	58	80	60	28	1
450	100	468	100	51	1
186	126	204	132	28	1
156	60	172	62	28	1
272	60	290	60	28	1
2324865056_8ffb0d229d_2167_87166592@N00.jpg
862	324	888	322	51	2
174	326	196	328	75	2
618	342	642	340	28	2
762	356	786	358	51	1
196	568	220	570	5	2
298	352	322	350	75	1
340	258	360	260	28	2
506	358	528	356	51	1
310	550	332	550	5	1
528	174	550	174	28	1
712	56	730	52	28	2
578	92	600	92	28	2
425	252	445	249	28	1
2332262918_2e455a9ab7_2165_24651847@N07.jpg
167	249	184	251	10	2
197	171	212	173	28	2
440	174	454	173	28	2
269	218	284	216	16	1
81	138	97	139	16	2
83	89	95	90	51	2
392	190	406	192	28	1
118	64	129	63	28	2
155	182	169	181	28	1
168	132	180	132	28	1
256	162	268	163	28	1
277	79	288	79	51	2
157	87	168	88	28	1
225	72	234	72	75	2
298	140	309	142	75	1
331	185	343	194	28	1
2332530852_61c882f5f7_3113_9987385@N04.jpg
344	346	370	348	75	1
790	176	816	174	51	2
638	276	664	274	75	2
458	298	484	296	28	1
550	312	574	316	28	1
842	316	870	318	28	1
746	336	770	336	75	1
296	264	320	264	51	2
224	254	244	260	51	1
2332532744_9e938e4f87_2031_9987385@N04.jpg
686	222	722	226	75	2
830	316	860	310	75	1
440	122	470	124	51	2
486	266	522	262	28	1
340	334	372	336	75	1
590	282	622	284	28	1
202	218	234	212	28	1
284	190	312	194	28	2
576	192	606	192	28	1
775	440	797	425	1	1
2349936364_6b874ae105_2113_7457973@N06.jpg
448	258	476	258	28	2
298	88	324	88	51	2
548	128	576	130	28	1
638	268	668	268	28	1
214	298	244	296	51	1
278	524	304	528	1	1
614	492	638	494	1	1
448	492	470	492	1	1
699	125	727	111	28	2
2352232545_22688b1f74_2308_49502995879@N01.jpg
438	208	464	206	51	2
618	236	646	234	51	1
164	184	190	180	28	2
828	152	856	152	51	1
378	272	404	272	28	1
696	172	718	172	16	2
298	154	322	152	28	1
652	164	676	166	16	1
498	220	518	214	28	1
211	283	225	283	1	1
251	191	269	209	28	2
744	261	772	256	75	2
2354741239_47cc55f086_2209_11550658@N05.jpg
236	320	258	320	28	2
140	220	160	222	75	2
512	482	532	480	10	1
388	486	408	486	5	1
898	496	918	496	5	2
828	338	846	334	28	2
742	292	760	290	75	2
316	258	334	262	51	1
418	336	436	338	28	2
842	202	858	200	28	2
158	90	176	90	51	2
436	128	452	128	75	1
586	136	602	136	51	1
598	256	616	254	28	1
464	274	480	276	28	1
674	340	692	338	28	1
808	502	828	504	5	2
670	516	688	516	5	2
530	360	546	360	28	1
730	134	746	136	51	1
290	522	308	527	1	1
315	76	333	75	51	2
397	112	412	112	75	1
618	85	635	82	51	2
239	83	255	87	51	2
2355914393_dca2f219e6_3248_54832572@N00.jpg
654	214	680	214	75	2
474	234	502	228	51	1
878	130	900	132	51	2
356	128	374	124	75	2
250	142	268	146	75	1
678	122	698	124	51	2
800	136	818	136	75	1
512	136	530	138	51	1
174	196	206	204	51	2
596	151	613	151	5	2
725	170	741	169	1	2
2362939889_fc7794f2e2_2006_59743262@N00.jpg
134	298	160	298	28	1
698	180	722	178	75	2
878	178	900	178	75	1
538	150	560	148	51	2
312	458	338	452	51	1
512	448	540	452	51	1
198	136	218	142	51	2
344	140	364	144	28	2
382	599	400	607	1	1
453	544	477	549	5	1
689	528	719	528	10	2
2378435970_e2d4027350_2080_74405317@N00.jpg
264	204	308	212	51	2
642	626	688	620	75	1
390	474	438	476	10	1
382	114	422	114	28	2
666	150	708	146	28	2
786	226	826	230	28	1
752	702	796	704	5	1
532	702	576	702	5	1
545	222	584	233	51	1
2383562533_2483263a40_2082_17459543@N00.jpg
758	254	784	252	51	2
612	80	628	78	28	2
586	280	606	276	51	1
312	118	332	118	51	1
730	106	750	102	51	1
416	300	438	298	51	1
378	74	396	72	51	2
166	116	188	116	51	1
490	346	512	346	5	2
642	358	660	358	5	2
534	106	554	102	51	1
290	273	317	275	28	2
241	373	262	374	1	1
420	142	437	140	1	2
833	71	855	71	16	2
2384538152_60749396b9_2292_25285939@N04.jpg
646	336	686	332	28	2
472	450	510	450	51	1
592	234	626	234	28	2
820	216	854	220	51	1
216	196	246	194	28	1
466	96	496	100	28	2
354	168	388	162	28	2
888	352	916	350	1	2
546	112	574	112	51	1
284	512	314	514	5	2
306	357	347	353	51	2
123	265	144	273	1	2
617	615	648	630	1	2
2384868172_4f699694aa_2055_37924865@N00.jpg
380	372	410	376	28	2
254	260	286	266	16	2
520	396	550	402	28	1
602	218	628	218	28	2
362	252	388	254	28	1
730	226	756	224	28	2
456	262	480	270	28	1
656	264	678	262	1	1
537	261	561	267	28	1
699	450	729	449	28	1
2384868670_0c5d556e59_3293_37924865@N00.jpg
358	316	382	318	16	2
472	294	496	294	28	2
792	160	812	158	28	2
600	308	624	310	28	1
552	192	572	196	28	1
724	354	748	352	28	1
394	210	414	210	28	1
182	114	202	120	28	2
298	128	318	128	28	2
478	198	498	204	28	1
666	152	684	150	28	2
708	202	726	194	51	2
2386546318_0f168aaf64_2034_10871315@N05.jpg
774	234	792	234	75	2
646	256	664	258	28	1
490	192	508	194	28	2
840	234	856	232	28	2
296	260	314	264	51	1
584	290	602	290	16	1
400	200	418	202	28	1
228	212	248	212	28	1
326	398	342	398	5	1
355	268	373	270	28	1
484	281	496	272	1	1
2390081401_997854065f_2060_10284940@N06.jpg
732	250	760	240	51	2
504	336	528	338	75	2
348	352	374	350	75	1
712	86	734	82	51	2
648	408	670	406	5	2
762	138	784	138	28	1
544	134	564	136	51	1
268	110	288	112	28	2
500	64	522	64	28	2
346	148	366	148	28	1
267	281	295	292	51	2
468	407	490	406	5	1
671	352	700	353	75	1
2390382709_353b059476_3102_33399358@N00.jpg
918	144	940	142	51	2
312	206	330	206	28	1
678	196	694	194	51	1
512	210	530	210	28	1
118	218	134	218	28	1
218	220	234	222	51	1
588	248	606	248	10	2
476	272	494	272	10	2
398	258	414	256	10	1
133	381	148	378	5	2
566	354	582	356	5	2
2396972592_e9cf4cf28f_2380_28927228@N00.jpg
358	95	367	95	51	2
124	102	136	102	28	2
302	101	314	100	28	2
72	110	83	109	51	1
276	87	284	85	51	2
205	92	213	92	51	2
173	110	183	109	28	1
249	133	259	132	28	1
220	180	228	177	1	1
237	100	247	100	51	1
294	152	303	149	1	2
358	139	370	138	75	2
2404985042_07e739ff24_3001_25539249@N03.jpg
164	144	184	142	75	2
298	174	318	174	51	1
274	330	294	334	51	1
516	138	536	134	51	2
808	144	830	144	51	2
412	334	428	336	75	1
406	168	426	168	75	1
648	334	668	334	51	1
630	144	650	142	28	1
752	390	770	388	5	2
532	398	550	394	10	2
908	155	926	157	1	2
2413406965_56dfb16a90_2199_25965014@N00.jpg
744	338	774	344	51	1
810	184	832	182	51	2
148	190	170	194	28	2
436	264	458	262	28	2
234	274	256	276	28	1
622	278	642	282	28	1
582	200	600	198	51	1
694	198	710	194	51	1
372	194	390	197	51	1
461	189	480	188	75	2
2414246574_f53b9f0dca_2308_36484281@N00.jpg
568	224	600	224	75	2
440	468	462	462	28	2
322	524	348	526	28	1
320	346	346	342	28	2
112	102	136	102	28	2
488	170	514	172	51	1
222	166	246	164	51	1
158	466	186	462	28	1
350	147	378	147	51	2
2414319911_9be614b276_2289_25141905@N02.jpg
434	106	448	104	28	2
251	171	263	174	51	2
393	98	406	99	51	2
127	107	139	107	51	1
242	87	252	90	75	2
285	100	295	99	51	1
339	105	349	104	51	1
288	150	299	149	28	1
184	87	195	87	51	1
84	98	96	100	28	2
2414332595_630a98309c_3002_7525294@N04.jpg
251	171	263	174	51	2
393	98	406	99	51	2
2441210388_38b62e7871_2122_22609217@N05.jpg
212	192	236	194	28	2
812	210	834	210	28	1
332	310	354	310	28	2
702	326	724	326	28	1
436	328	460	328	28	2
574	148	592	150	28	2
588	354	610	352	28	1
376	118	394	122	28	2
474	138	492	142	28	2
708	146	726	144	28	2
2447167485_51253c406a_2106_15891271@N03.jpg
193	223	205	224	5	1
356	70	368	69	51	1
281	192	294	192	5	2
241	85	252	86	28	1
410	54	420	52	28	2
121	67	132	67	51	1
302	86	311	85	75	1
448	62	456	64	1	2
56	34	68	39	51	2
180	61	190	61	51	2
2452309005_2d6fd7aa45_2086_25839130@N08.jpg
311	173	324	173	28	2
71	122	82	123	75	2
259	156	270	155	10	2
404	135	416	135	28	1
354	129	364	128	28	1
196	182	210	183	51	1
364	184	374	184	5	1
233	125	243	125	28	1
298	142	309	141	28	1
114	139	126	138	51	1
157	138	167	137	28	1
201	142	214	143	51	1
2458708202_d8d907dc55_2261_44798325@N00.jpg
205	214	218	215	51	2
327	128	338	127	51	2
55	129	66	130	51	2
240	173	250	169	51	1
104	235	116	234	51	1
308	239	320	238	75	1
426	143	437	144	51	2
407	231	418	229	51	1
148	168	158	168	28	1
360	183	369	184	5	2
464	156	473	156	1	2
176	177	184	175	1	2
2461657127_c737e17b42_3059_31332286@N00.jpg
486	466	518	464	5	1
264	156	290	160	75	2
580	438	608	436	28	2
358	172	384	172	28	2
778	254	802	250	16	1
512	190	534	192	28	1
842	202	866	202	51	1
566	276	590	274	16	1
678	226	698	224	28	1
406	146	426	146	28	2
404	252	423	254	1	1
2462232186_7aa79c6244_2368_26160848@N04.jpg
354	158	367	156	51	2
194	160	207	160	51	1
272	231	286	230	10	1
123	71	137	71	28	1
407	66	419	64	28	1
387	184	399	184	5	1
53	81	65	81	51	1
246	27	259	28	28	2
265	110	277	110	16	2
337	69	347	68	28	1
167	212	181	204	10	1
2462486430_99d7826c27_3108_31332286@N00.jpg
490	450	520	446	51	2
326	484	358	480	16	1
182	178	210	178	75	2
800	220	824	222	51	1
682	286	706	282	16	1
354	198	380	200	28	2
508	212	530	216	28	1
634	264	656	264	75	1
552	300	574	304	28	1
373	282	391	283	1	1
2465622381_79d85a1de1_2307_9886600@N06.jpg
146	302	166	300	51	2
322	248	340	250	51	2
852	316	872	314	28	1
492	318	510	320	28	2
364	304	384	304	51	2
252	332	270	330	28	1
744	342	760	340	28	1
452	216	468	218	75	2
550	328	568	328	28	1
584	270	602	268	28	1
644	314	664	312	28	1
561	216	577	215	51	1
673	238	692	237	51	2
414	263	431	260	51	1
2489326263_d047f618d7_2201_22610010@N06.jpg
178	278	202	284	28	2
382	276	404	280	51	1
528	286	546	290	51	2
892	238	916	240	51	1
590	300	612	300	51	1
254	306	278	308	28	1
390	392	410	398	10	2
808	264	828	266	51	2
686	208	704	210	5	2
764	272	780	272	5	1
2503169687_d312838f77_2151_59663349@N00.jpg
210	246	236	246	51	1
194	334	220	334	10	2
698	162	722	160	75	1
404	192	434	190	51	1
224	142	250	142	51	2
610	180	638	180	51	1
796	154	824	152	28	1
274	198	296	200	28	1
414	360	438	360	10	1
429	96	458	96	75	2
2508407001_4182a28222_2132_11246063@N07.jpg
616	126	646	126	28	1
198	152	230	154	28	1
212	64	242	66	28	1
460	144	488	150	28	1
774	166	804	164	16	1
522	76	550	82	28	1
308	52	336	52	28	1
684	88	708	88	28	1
837	100	862	103	28	1
2509651449_fa255537cd_2130_23061938@N02.jpg
790	322	808	318	51	2
462	346	478	346	51	2
302	314	320	316	28	2
684	112	700	112	28	1
600	188	618	184	28	2
532	220	548	220	28	1
746	246	762	246	5	1
458	130	472	128	28	1
632	64	646	68	5	1
160	142	178	144	28	1
304	219	319	221	1	1
205	132	221	132	51	2
331	107	348	110	28	1
396	138	412	139	28	1
413	222	431	224	28	2
544	81	560	80	51	2
773	110	789	114	28	2
2512486125_0089fc9fd8_2031_22531580@N06.jpg
510	362	550	352	51	1
158	124	194	132	28	2
832	388	870	386	10	2
330	332	368	330	28	1
248	396	284	394	5	2
680	420	718	426	10	1
800	144	834	146	16	1
772	286	810	280	10	2
276	138	306	134	28	1
702	196	734	200	16	1
662	88	690	94	28	2
568	196	600	200	16	1
360	104	386	104	28	2
378	212	402	216	1	1
596	102	620	100	1	2
464	188	484	184	1	1
2514477627_8c59c65012_2242_26846061@N08.jpg
740	452	768	446	51	2
540	454	562	452	28	1
240	480	260	476	28	1
80	428	102	430	51	1
342	282	360	280	51	1
428	414	448	414	51	2
148	234	168	234	28	2
634	248	654	244	28	2
260	226	278	228	51	2
524	284	544	284	51	1
264	386	282	386	75	1
2523449580_7dcb9911df_2289_10334255@N07.jpg
804	218	832	226	28	1
884	138	914	134	51	2
134	108	162	112	51	2
288	132	314	134	51	2
128	220	160	220	51	1
322	238	352	236	51	1
398	168	428	170	51	2
578	224	606	224	16	1
702	266	730	266	10	2
140	496	164	492	5	1
2538046702_0dd9973583_3228_26256523@N06.jpg
262	356	290	358	28	1
160	146	186	148	28	2
444	310	470	310	75	2
734	344	756	338	16	1
654	154	676	156	51	2
812	140	836	140	28	2
268	204	292	200	28	1
584	326	608	322	51	1
562	192	582	198	28	1
178	356	200	362	5	1
400	186	426	184	28	2
706	180	724	178	1	2
914	142	932	142	1	2
458	430	478	430	5	2
346	208	366	206	5	2
301	449	317	440	1	1
639	430	656	438	1	2
2542769811_2c13f52b76_2406_83233184@N00.jpg
132	134	156	134	75	2
250	158	268	162	75	2
282	282	302	284	51	1
822	108	840	106	28	2
766	150	784	146	28	2
502	190	520	192	28	2
526	288	548	288	75	1
670	102	688	102	51	2
342	180	360	180	51	1
894	146	912	146	51	1
576	204	596	202	51	1
722	206	740	206	51	1
431	236	450	235	75	2
627	264	642	267	1	1
2565492283_09f2f21445_3258_27541055@N06.jpg
372	342	394	342	75	2
478	174	498	172	75	2
158	204	180	202	75	1
712	348	734	346	16	1
606	306	628	308	75	1
278	192	298	194	28	1
252	370	274	368	16	1
706	214	726	212	28	1
350	162	368	160	51	2
618	192	636	190	51	1
806	190	824	190	51	1
490	378	508	382	5	1
2565493031_6d9d06d4b6_3271_27541055@N06.jpg
618	494	644	496	10	1
524	338	546	338	75	2
318	520	340	508	16	1
672	294	692	300	51	1
640	182	660	180	75	2
258	198	278	200	75	1
266	308	290	310	28	1
434	572	458	572	5	1
386	326	408	328	75	1
384	172	404	170	51	2
760	200	780	198	51	1
502	214	524	214	75	1
2573578379_7109ecb5c7_3031_77206608@N00.jpg
514	534	552	534	75	2
794	122	828	122	51	2
346	140	380	134	51	1
154	136	184	134	51	1
354	320	386	318	10	1
614	172	644	178	51	1
314	500	348	496	5	1
490	114	518	114	75	2
2574795189_6f9842995a_3269_37112907@N00.jpg
598	638	624	640	75	1
212	338	232	342	28	2
496	232	518	230	75	2
620	250	640	244	28	2
294	258	314	252	51	2
274	394	294	392	51	1
462	464	484	464	10	1
396	308	414	310	5	2
199	433	219	438	1	2
171	601	192	600	10	2
273	646	295	634	28	1
2579874540_966edca955_3057_47717680@N00.jpg
178	140	196	146	28	2
250	166	268	162	28	1
488	168	504	166	51	2
384	188	402	188	51	1
294	316	312	318	5	2
694	140	712	140	51	2
614	172	632	172	51	1
442	436	458	430	5	2
779	168	799	165	28	2
554	200	574	197	28	1
587	250	600	254	1	2
2584937149_b57ea5236c_3141_43862911@N00.jpg
300	372	320	372	28	2
586	392	604	392	28	1
424	418	442	420	28	1
744	412	762	416	51	1
532	166	546	168	51	2
332	198	350	198	28	1
692	296	712	298	28	2
454	208	470	210	28	2
220	282	238	284	28	1
716	216	730	214	28	1
624	185	639	185	28	2
827	231	844	228	28	2
829	406	847	406	28	1
279	177	296	182	28	2
2602330014_7fd6e14266_3243_23966167@N04.jpg
508	166	534	170	28	1
336	122	364	120	16	2
774	100	800	100	28	2
678	158	706	158	28	1
570	126	596	122	51	1
448	110	472	112	28	2
204	104	230	104	51	2
640	164	660	166	1	1
2612796778_2a1b9f7e4f_3042_26655380@N02.jpg
220	432	272	440	16	2
178	124	224	134	51	2
516	248	560	254	16	1
832	266	878	266	16	2
700	156	746	154	28	2
80	210	128	216	16	1
368	218	412	216	51	1
452	594	496	598	5	2
2620035751_80130c902e_3185_45012438@N00.jpg
892	92	934	92	51	2
634	232	676	238	51	1
306	70	344	66	28	2
90	104	130	100	28	2
366	188	408	192	28	1
778	230	820	230	28	1
220	240	260	242	28	1
704	108	738	108	51	1
542	117	581	121	75	2
2620291758_7150a528e7_3068_29139809@N00.jpg
138	334	178	336	75	1
884	282	916	280	51	1
224	302	250	306	51	1
754	276	778	276	5	1
324	240	344	242	51	1
402	208	422	206	51	2
510	200	530	200	51	2
420	342	440	346	5	2
336	314	350	316	5	2
604	369	623	373	5	2
2621406187_fda98831c1_3053_41969243@N00.jpg
664	478	698	476	16	1
148	192	174	200	28	1
280	460	312	468	16	1
488	464	522	466	16	1
822	296	846	296	28	2
416	314	440	318	51	1
282	346	306	344	75	1
536	326	558	322	51	1
684	142	702	142	51	2
864	146	886	146	51	2
398	166	416	168	75	2
172	66	194	66	51	2
530	148	548	148	51	2
728	330	746	332	51	1
248	168	270	172	51	1
344	188	364	190	51	1
472	194	492	194	16	2
738	186	760	186	51	1
628	196	644	196	51	1
2622272983_c6968ffbe3_3170_21295125@N05.jpg
806	112	828	110	51	2
680	270	706	270	16	2
570	92	594	90	28	2
834	360	850	356	10	1
640	168	662	164	51	1
430	150	450	148	51	1
542	196	564	196	16	1
230	116	248	112	28	2
374	152	392	150	16	2
398	342	414	338	5	1
118	140	134	138	28	1
234	244	252	240	10	1
177	174	193	173	1	2
2628733899_43dd84958f_3046_88255094@N00.jpg
330	34	340	34	51	2
232	49	244	48	51	2
125	66	135	65	51	1
332	109	342	108	16	1
343	174	352	178	5	1
78	64	87	65	28	1
388	90	399	90	51	1
242	105	251	104	28	1
297	83	308	83	28	1
222	100	231	105	75	2
2644389140_68a5f19955_3117_37506996@N00.jpg
618	380	652	368	51	1
750	354	786	362	10	2
272	404	304	404	75	1
246	152	276	150	51	1
594	122	620	118	51	2
354	126	378	128	51	2
440	156	466	150	51	1
476	290	504	288	10	1
668	150	690	148	1	2
523	535	553	544	5	1
353397003_1dca2e74c2_138_97443916@N00.jpg
680	170	712	168	75	2
270	206	302	208	51	1
190	84	222	82	28	2
382	134	412	134	28	2
456	220	490	218	28	1
800	224	828	224	51	1
604	296	632	290	75	1
478	464	508	470	5	2
353560364_72da5ae504_163_27027471@N00.jpg
394	226	414	224	51	1
840	72	860	70	51	2
258	60	280	64	28	2
676	190	696	192	75	2
412	122	432	122	51	2
226	126	246	122	28	1
510	226	530	228	75	1
708	76	726	76	51	2
540	78	560	78	51	2
646	114	664	114	51	1
796	132	814	132	28	1
348	134	366	136	51	1
464	138	484	138	28	1
658	372	678	372	10	2
451	409	470	411	10	2
353877086_6aef28c18e_128_50865222@N00.jpg
202	124	226	124	51	2
606	400	632	400	75	2
794	216	818	218	51	1
420	416	446	416	75	1
282	138	306	138	51	1
556	112	578	114	28	2
352	260	374	258	28	1
416	124	436	120	51	2
782	86	800	88	51	2
620	140	642	138	51	1
692	150	714	152	51	1
742	398	766	391	75	1
852	155	873	165	51	1
360191555_c1200a2a7a_43_61623139@N00.jpg
390	346	416	346	28	2
836	344	862	340	28	2
544	372	570	370	51	2
774	360	798	358	51	1
262	402	284	402	51	1
634	376	656	374	51	1
652	244	674	242	51	2
514	302	538	300	51	1
174	347	198	352	75	2
360829301_0282100fe1_137_83102089@N00.jpg
418	136	434	138	28	2
326	152	342	150	28	2
924	172	942	174	28	1
236	152	252	154	28	2
848	190	864	192	28	1
612	212	628	214	75	1
698	182	716	184	51	1
760	210	776	212	51	1
133	107	151	111	28	2
505	188	524	189	75	2
361720876_e04e4e8d29_161_78808252@N00.jpg
420	100	435	99	28	2
37	112	52	111	75	2
223	98	238	97	51	2
358	155	372	152	28	1
117	122	131	124	51	1
471	181	484	181	1	1
304	136	317	136	51	1
134	170	146	169	1	1
363799222_300a3bd09e_175_20947166@N00.jpg
654	130	684	134	28	2
714	408	744	404	75	2
780	172	810	168	51	2
336	422	368	422	51	1
180	126	210	126	51	2
320	138	348	138	51	2
484	440	514	442	51	2
572	242	600	246	51	1
432	240	460	236	51	1
365435408_9ba7efca77_144_70255663@N00.jpg
264	448	308	446	28	2
756	204	794	204	51	1
640	458	682	462	51	2
428	106	464	108	75	1
216	168	252	168	51	1
594	122	630	124	75	2
474	316	508	314	10	2
170	694	206	694	1	2
704	622	734	624	1	1
372918871_14de2a6289_164_44124366920@N01.jpg
76	390	102	388	28	2
680	406	712	402	28	2
486	394	514	392	28	1
278	412	306	414	28	1
684	266	706	262	51	1
834	94	856	88	51	2
226	256	248	260	51	1
682	92	702	86	51	2
556	268	576	266	75	2
534	88	552	90	28	2
276	118	294	122	51	2
440	136	460	136	28	1
934	90	954	86	28	1
374	134	392	134	28	2
160	146	178	148	51	2
411	276	434	279	75	1
373683968_46cfe5fe97_159_95048827@N00.jpg
218	280	246	278	28	2
358	280	382	282	51	2
772	274	796	270	51	1
914	290	934	286	75	1
630	330	648	332	51	1
500	312	520	310	28	1
762	152	782	146	28	2
822	146	840	146	5	1
316	152	332	150	51	2
428	194	444	194	51	1
92	127	114	128	75	2
552	180	571	180	51	1
651	162	672	163	51	2
375681515_e757daa540_147_37123765@N00.jpg
632	306	656	308	16	2
86	102	108	100	28	1
314	260	336	262	28	2
224	326	246	326	5	2
886	130	906	138	28	1
784	130	806	134	51	1
486	82	506	84	51	2
684	142	706	144	28	1
196	116	218	116	51	1
444	146	464	144	28	1
606	156	626	160	28	1
492	222	510	224	10	1
374	302	392	302	5	2
606	80	624	80	51	2
360	128	380	128	28	1
532	148	552	152	28	1
284	120	304	118	28	1
381306645_2a2ae4004a_154_27343571@N00.jpg
790	486	810	482	51	2
542	516	564	516	28	2
776	336	796	334	28	2
138	374	160	376	28	1
386	540	408	542	28	2
478	344	498	344	75	2
340	340	360	338	75	2
80	352	100	348	28	1
874	378	892	376	28	1
694	506	714	504	28	1
166	328	186	330	28	2
256	362	276	358	51	1
674	398	694	396	51	1
620	382	638	384	28	1
556	396	576	394	51	1
262	476	280	472	28	1
381694416_3ebce4098c_180_10555654@N00.jpg
290	114	301	113	75	2
205	124	215	124	75	1
353	108	364	108	51	2
194	45	204	44	51	2
64	112	74	112	5	2
250	41	259	41	28	2
384	57	392	57	28	2
332	70	341	68	28	2
448	75	457	75	28	1
124	119	133	121	28	1
410	95	419	97	10	1
151	146	160	146	10	1
136	57	145	57	28	1
291	59	299	57	28	1
43	63	53	63	16	2
238	142	247	142	5	1
381730923_5457d320e6_140_19478924@N00.jpg
54	207	73	205	51	1
93	119	110	116	16	2
299	48	316	48	16	2
182	57	199	55	16	2
330	140	345	136	51	1
285	169	301	167	75	1
199	273	214	272	5	2
331	245	342	248	1	2
155	198	175	194	75	2
386094031_104652a6a6_174_74038169@N00.jpg
640	234	666	236	28	2
272	252	300	254	28	1
428	270	454	270	28	1
312	182	338	186	51	2
764	258	790	262	51	1
442	160	464	162	28	2
600	164	620	160	28	2
522	264	542	262	51	1
835	189	859	190	51	2
524	391	540	405	1	1
391538176_3b63dd26ba_155_65369912@N00.jpg
876	118	898	118	28	1
762	130	782	128	51	2
270	120	290	122	51	2
666	152	686	152	51	1
114	140	134	138	28	1
208	186	228	184	51	1
504	110	524	108	28	2
406	130	426	132	28	1
612	114	630	114	28	2
392991715_1f3af02fa0_141_65782388@N00.jpg
309	194	322	196	75	1
181	180	196	180	75	2
111	90	124	88	51	2
425	87	438	87	28	2
66	94	78	96	16	2
170	106	183	107	28	1
371	112	384	113	51	1
321	107	333	108	51	1
248	117	260	118	28	1
197	92	209	93	28	1
277	106	288	108	28	1
394017989_f9a9d2a202_149_38328896@N00.jpg
138	214	164	214	75	1
564	188	584	188	28	2
872	218	892	218	51	1
266	180	288	186	75	2
432	178	452	178	51	2
646	204	664	204	51	1
790	312	812	314	5	2
348	200	368	198	28	1
438	396	458	396	5	1
318	380	336	380	5	2
550	380	570	378	5	1
670	408	690	406	5	1
778	170	792	168	28	2
395174071_977e8a9062_148_80964197@N00.jpg
174	136	187	137	28	2
326	134	340	133	75	2
407	134	419	133	51	1
112	132	123	134	51	1
276	52	287	50	28	2
184	61	195	62	28	2
245	161	258	162	75	1
123	58	134	57	28	2
416	56	426	55	28	2
221	54	232	54	28	1
353	62	364	61	28	1
78	78	88	79	28	1
397858140_01e6806d39_180_19296631@N00.jpg
712	180	734	178	28	2
684	84	704	84	51	2
510	244	534	244	28	1
630	284	654	284	16	2
524	102	542	100	51	2
262	144	284	144	51	1
392	244	416	242	16	1
392	112	412	114	28	2
582	152	604	154	51	1
332	162	354	164	28	1
468	156	486	158	28	1
200	214	224	214	16	1
238	283	258	282	1	2
399253098_96813dba21_139_64171464@N00.jpg
842	72	872	66	51	1
764	86	790	84	75	2
134	128	160	130	51	1
534	98	556	98	75	2
298	148	322	150	51	1
198	100	222	102	28	2
652	110	676	110	51	1
374	110	394	110	28	2
458	156	481	154	75	1
399500430_728e9be4f5_178_17952289@N00.jpg
412	199	425	198	51	2
347	202	359	203	51	1
240	210	251	210	75	1
59	155	71	156	51	2
144	189	157	188	28	1
306	236	317	237	16	2
107	150	117	151	28	2
373	149	383	149	28	1
251	162	260	162	28	2
314	156	324	156	51	1
432	158	442	157	51	2
195	163	204	164	75	1
149	141	158	142	28	2
399508255_e93b13faf7_128_48889086376@N01.jpg
321	120	336	120	16	1
72	93	88	96	16	2
167	93	181	96	16	2
368	118	384	117	28	1
238	95	253	96	28	2
355	84	370	83	28	2
414	80	428	81	28	2
124	95	139	94	28	1
285	93	302	96	28	1
399984489_a72451fd38_187_72128396@N00.jpg
764	358	792	358	28	2
346	344	368	342	75	2
678	458	702	460	5	2
154	150	174	150	51	2
834	134	856	132	51	2
502	344	526	342	75	1
710	248	730	250	28	2
544	162	562	162	51	2
828	250	848	250	51	1
602	254	620	256	16	1
482	254	500	254	28	1
350	154	368	152	28	2
698	164	714	162	51	2
260	170	278	170	28	1
356	264	376	264	16	1
452	174	468	174	51	1
624	176	640	178	28	1
286	267	305	271	28	1
404146509_e4e9395e63_146_44653944@N00.jpg
680	456	706	458	16	1
414	452	438	454	28	2
290	554	314	550	28	2
724	198	746	194	51	2
582	290	604	290	51	1
890	218	912	218	51	1
156	396	178	396	16	2
546	478	570	474	75	1
296	460	316	460	28	1
650	196	668	194	75	2
86	358	108	358	51	2
354	214	372	212	51	2
400	304	418	298	51	1
490	312	510	312	51	1
246	318	266	322	28	1
306	340	324	336	28	1
352	434	370	434	5	2
348	492	366	492	1	1
407144203_617bb94f26_146_45292431@N00.jpg
806	158	842	154	51	2
398	366	434	364	75	2
264	148	298	152	28	2
154	226	190	224	28	1
584	394	618	388	51	1
612	206	642	206	28	1
442	232	474	228	28	1
698	160	728	158	28	2
390	118	420	118	28	2
409313907_6b776b61a3_156_94483943@N00.jpg
554	330	578	330	75	1
774	428	798	428	28	1
382	316	408	316	51	1
216	252	242	250	28	1
776	270	802	270	28	1
666	274	692	274	51	1
852	284	874	284	28	1
468	314	488	316	5	1
410710372_80e6c3a7b8_166_66221021@N00.jpg
348	354	376	356	16	2
670	212	698	212	28	2
244	90	270	88	16	1
386	70	410	68	16	2
488	68	510	70	28	2
628	76	650	74	28	1
548	300	572	298	16	1
296	88	316	94	16	1
745	449	773	467	10	2
415218286_97e541f00b_162_55434402@N00.jpg
558	308	582	306	51	2
436	316	458	314	51	1
484	378	502	378	1	1
280	118	298	118	28	2
862	86	882	84	28	2
484	124	502	120	28	2
702	108	722	104	28	2
372	132	390	132	28	1
642	160	658	164	28	1
418235434_c31f148b70_179_60525476@N00.jpg
500	158	524	158	51	2
776	274	802	274	16	1
486	280	512	280	51	1
200	254	224	256	28	1
668	268	692	268	28	1
632	144	654	144	28	2
364	218	388	218	28	1
400	128	418	128	28	2
242	152	264	152	28	2
750	152	774	148	28	2
422540889_969960ab0b_161_13165734@N00.jpg
104	97	116	98	28	1
307	115	318	115	75	2
161	143	172	143	75	1
114	50	125	50	51	2
227	126	237	125	51	1
437	41	447	39	51	2
67	70	78	70	51	1
257	46	267	46	28	2
180	74	189	74	28	1
384	73	393	74	51	1
137	94	147	94	28	1
365	123	375	124	10	1
218	66	227	65	28	1
311	66	320	68	28	1
356	88	365	87	16	2
423036826_f2a959eb43_181_64155482@N00.jpg
200	326	216	324	28	2
268	414	284	412	28	1
566	438	582	438	28	1
490	472	506	468	5	2
394	164	410	166	51	2
388	442	402	444	10	1
474	166	490	166	51	1
268	166	282	168	51	1
614	176	630	176	51	2
677	385	693	380	51	2
428111855_adc25a821d_182_7224625@N02.jpg
424	70	439	70	51	2
61	93	75	90	51	1
106	79	119	77	51	2
343	265	357	269	51	1
262	124	275	124	28	1
223	197	236	196	28	2
338	111	351	110	51	1
208	116	220	115	28	1
336	44	347	43	28	2
145	81	155	84	28	1
307	81	318	82	28	1
167	56	176	56	51	2
201	73	213	73	51	1
255	54	270	52	51	2
435065171_d2088a269e_147_20508444@N00.jpg
410	241	423	238	51	2
410	111	422	110	28	2
106	73	118	73	28	2
241	209	250	210	5	2
312	107	323	106	28	2
351	206	362	207	5	2
117	159	129	160	10	1
270	96	281	96	75	2
193	103	203	101	75	1
298	243	308	243	1	2
438385913_2acefd6813_173_75661595@N00.jpg
836	108	876	106	51	2
136	332	178	340	28	1
628	402	668	402	75	2
344	448	390	442	75	1
816	392	852	388	28	1
402	140	432	142	28	2
912	414	948	416	1	1
182	138	218	142	51	1
612	218	646	218	28	1
474	246	508	246	16	2
87	549	120	546	1	2
442624957_178dd9dc6b_186_27049508@N00.jpg
792	250	820	246	28	2
838	62	864	64	28	2
560	392	584	394	28	1
666	438	692	436	51	1
496	104	516	102	28	2
390	426	414	428	51	1
382	134	402	134	28	1
622	156	642	156	51	1
702	106	726	106	28	1
192	174	214	176	28	1
276	120	294	118	75	2
118	138	140	138	75	2
272	182	289	184	1	1
446368778_8ba4cbe88a_246_62929416@N00.jpg
484	382	510	382	75	1
324	458	352	458	10	2
630	316	662	312	51	1
736	310	758	306	28	2
360	326	386	324	51	1
834	254	858	250	28	2
282	282	306	282	28	2
176	286	198	292	28	2
446	292	470	294	51	2
692	250	714	248	51	2
555	261	579	262	51	2
448093101_ab74da014a_202_47255063@N00.jpg
302	198	322	197	28	1
207	58	226	59	28	2
119	188	138	187	51	2
396	121	413	117	16	1
93	81	109	83	28	1
337	288	351	288	1	2
200	285	214	285	5	2
158	77	171	76	1	1
324	61	342	62	28	2
448169157_f052231cd1_240_89944566@N00.jpg
199	40	212	40	75	2
352	139	364	135	10	1
299	81	311	80	75	1
249	105	263	104	16	1
47	61	60	63	28	1
111	74	123	74	51	1
145	37	157	37	51	2
265	48	276	49	51	2
406	45	417	47	28	2
426	82	437	80	51	1
379	63	390	64	51	1
449939257_b1aade687d_237_76788624@N00.jpg
464	574	486	566	16	2
250	272	270	274	51	2
874	288	894	286	51	2
336	580	360	582	10	2
300	422	322	422	16	2
718	146	736	140	51	2
254	128	272	124	51	2
774	280	792	280	28	1
618	398	638	400	16	1
460	440	480	438	16	2
160	158	176	160	51	1
632	248	648	246	51	1
132	284	148	280	51	1
398	290	414	290	51	1
594	146	608	142	28	2
324	158	338	156	28	1
510	152	524	152	28	2
416	172	432	170	28	1
545	279	561	279	75	1
452315833_085fa89cf0_169_26992755@N00.jpg
100	246	128	248	28	2
850	158	882	160	51	1
472	222	500	222	51	2
398	520	428	520	51	1
288	328	314	328	51	1
186	160	212	160	28	2
160	346	184	344	1	2
254	270	276	270	28	1
624	254	655	262	28	1
672	178	701	180	75	2
454697826_40cef76994_176_55469367@N00.jpg
534	388	562	386	75	2
814	356	846	354	51	1
154	74	184	72	51	2
650	160	676	158	51	1
472	120	496	118	51	2
322	366	348	366	51	1
110	164	136	164	51	1
264	156	288	156	51	1
843	105	871	103	51	2
454941896_bffb0c7d68_238_71631202@N00.jpg
216	428	240	436	28	2
754	392	780	388	28	2
350	424	374	424	51	1
592	384	616	382	51	2
252	202	274	204	28	2
804	282	828	282	28	1
386	276	408	272	28	2
442	298	464	296	28	1
506	462	528	460	5	1
635	220	657	214	51	2
664	312	685	305	28	1
455932998_7a08fa228c_215_74676512@N00.jpg
308	75	322	75	51	2
105	102	118	103	28	1
371	89	385	90	28	2
172	85	185	85	16	2
271	101	285	102	51	1
177	149	190	149	16	1
223	88	236	88	28	2
97	55	110	58	28	2
458864812_bf157bfb44_206_7195158@N02.jpg
508	244	530	244	51	2
228	252	248	252	28	1
808	274	828	276	28	1
336	52	352	52	28	2
684	72	702	72	28	2
494	100	512	98	16	2
356	226	374	224	10	1
652	276	668	276	10	1
461862882_25902e9f85_227_27977451@N00.jpg
112	306	144	308	51	2
628	320	654	318	28	2
514	382	542	382	28	1
318	300	346	304	75	1
776	160	804	156	28	2
874	208	902	206	51	2
824	340	852	342	51	1
454	208	480	206	75	1
602	230	624	228	75	1
298	188	326	186	28	1
202	210	228	218	75	1
462916752_5f710499bd_181_79419310@N00.jpg
642	132	666	130	51	2
168	126	194	128	16	1
330	162	356	162	51	1
776	190	802	190	28	1
254	88	278	90	51	2
892	242	914	244	16	1
226	212	254	210	16	2
554	188	578	188	75	1
700	396	722	396	5	1
554	432	576	428	5	2
416	316	438	314	10	2
834	96	858	94	28	2
414	104	438	106	28	2
812	332	836	332	10	2
466185756_3bcbd8760a_212_33258049@N00.jpg
377	188	397	187	75	2
110	168	129	170	51	1
240	178	259	176	51	1
422	241	439	239	5	2
151	242	168	242	5	1
208	51	224	51	28	2
139	60	155	62	28	1
334	63	350	65	28	2
293	76	307	77	28	1
262	243	276	244	5	2
64	71	79	71	28	1
466407148_49a169e9bb_197_20732009@N00.jpg
414	85	427	84	28	2
117	87	128	87	51	2
67	98	78	97	51	1
379	105	390	105	28	1
318	92	329	92	28	2
184	115	195	114	28	1
152	124	161	123	5	1
246	116	254	116	1	2
233	91	244	89	28	2
355	135	364	137	1	1
467873235_aa83023435_193_52407599@N00.jpg
608	398	632	398	16	1
270	352	294	354	16	1
792	386	816	386	28	1
472	368	494	370	28	1
786	150	806	150	16	1
682	194	700	194	51	1
280	136	298	138	51	2
546	222	562	224	51	1
394	194	412	194	51	1
136	171	156	175	75	2
366	519	391	519	5	1
485976565_1a3f77a64a_189_44124390152@N01.jpg
390	156	412	154	51	2
544	336	564	334	75	1
482	150	504	150	28	2
646	176	666	174	28	1
540	188	560	180	28	1
446	414	464	412	5	1
348	416	370	416	28	1
688	450	706	448	10	1
276	460	294	464	5	2
716	148	734	140	51	2
758	125	777	116	75	2
486941680_54043df593_187_54739181@N00.jpg
430	156	439	157	51	2
390	174	400	173	51	1
283	153	292	153	51	2
108	160	117	160	28	1
251	174	260	176	28	1
318	166	327	165	28	1
217	144	226	144	51	2
143	153	151	153	28	2
183	174	194	174	51	1
488245874_122079fdf7_197_18745595@N00.jpg
838	140	864	140	51	2
126	120	148	120	51	1
312	220	336	224	51	1
562	260	584	260	10	1
634	178	654	178	51	1
526	166	544	164	28	2
786	232	802	238	28	1
716	158	732	154	51	1
692	298	708	296	10	2
244	148	261	146	51	1
385	143	409	142	51	1
428	225	451	231	51	1
489052919_d7e0f95395_199_81098784@N00.jpg
247	136	269	139	28	1
310	176	334	173	16	2
252	57	272	60	51	2
272	223	293	218	10	2
297	99	316	96	16	1
167	189	190	186	16	1
220	233	242	233	16	1
198	126	219	128	16	2
120	147	138	152	28	1
177	261	198	269	5	1
492700349_df2fc90b73_199_7439293@N07.jpg
908	200	932	198	75	2
676	212	696	212	51	2
100	240	122	240	75	2
778	266	800	266	75	1
464	208	484	206	28	2
564	244	586	244	28	1
234	252	254	252	75	1
370	234	390	234	51	1
493469698_0f73d4c25a_191_92932782@N00.jpg
558	326	586	318	51	2
656	318	690	320	28	2
452	396	482	394	28	1
238	430	266	426	28	1
744	302	770	294	16	1
114	342	142	336	28	1
284	288	312	290	28	2
400	330	428	332	51	1
493778081_3057acce28_189_26567095@N00.jpg
427	62	445	59	51	1
368	51	382	45	51	1
71	88	84	92	51	1
170	105	188	104	28	1
101	71	116	69	51	1
260	74	274	72	28	1
191	70	204	67	51	1
219	31	232	30	51	2
147	32	161	30	51	1
331	50	342	47	51	1
288	48	301	50	51	1
493923590_8ff537ebbb_224_57532619@N00.jpg
244	216	272	212	28	2
426	240	450	244	10	1
614	188	636	184	51	2
488	72	508	68	16	2
526	248	548	248	10	2
726	174	750	174	51	1
380	278	402	276	5	2
548	322	564	318	1	1
502554307_43568db946_222_30188052@N00.jpg
758	488	776	490	28	1
638	184	652	182	28	2
476	560	492	560	5	1
842	230	858	232	16	1
246	366	262	366	28	2
696	400	712	400	10	1
186	516	204	516	10	2
294	516	310	514	10	2
576	566	592	564	5	2
348	200	362	198	16	2
434	222	450	222	16	1
770	320	784	318	16	1
402	414	416	416	10	2
296	616	314	611	10	2
157	380	172	374	28	1
363	331	379	330	10	1
475	341	493	341	75	1
512	215	526	216	51	1
565	144	582	143	51	2
742	210	758	210	28	1
594	335	611	331	75	2
579	392	593	392	1	1
674	556	690	557	5	2
503581499_d53f768b85_218_76602190@N00.jpg
522	366	564	368	75	2
180	152	212	152	51	2
370	478	408	476	5	2
312	184	344	190	51	1
516	190	548	186	16	1
664	554	698	554	1	1
836	164	870	170	75	2
696	224	726	222	51	1
505151623_0e963320a1_196_32147122@N00.jpg
716	188	744	186	28	2
480	152	504	148	51	2
250	178	274	180	28	2
406	404	430	398	51	1
592	374	618	374	28	1
732	358	758	356	51	1
766	420	786	418	5	1
242	378	266	378	28	1
180	416	202	414	1	2
510307012_7bf8004b0f_229_85662048@N00.jpg
136	250	152	250	51	2
290	324	308	324	28	1
236	278	254	278	51	2
330	296	344	296	28	2
374	344	390	346	51	1
686	310	702	310	28	2
796	322	812	324	28	2
598	322	612	322	28	1
440	310	455	311	75	2
506	339	521	341	75	1
878	359	896	359	28	1
526523102_2597b2547e_1029_8650855@N04.jpg
45	131	56	130	16	1
257	94	267	92	28	2
400	114	411	114	51	2
164	76	174	76	51	2
194	72	203	73	51	2
107	113	116	114	51	1
180	116	191	116	75	1
312	97	323	98	51	1
343	116	353	114	28	1
112	80	121	80	75	2
80	108	88	110	51	1
222	112	232	111	28	1
42	71	51	71	28	2
527205141_66c51d4d55_1010_61104818@N00.jpg
852	330	874	326	51	1
332	264	352	266	51	2
256	104	274	106	51	2
504	290	526	294	51	1
646	288	664	284	51	2
352	128	368	130	28	1
462	134	476	128	28	1
576	138	592	138	51	1
456	334	474	330	5	1
690	312	707	304	5	1
528849289_0a4a1dddd0_1189_17599328@N00.jpg
150	111	165	112	51	1
247	129	260	131	75	1
69	9	82	11	28	2
111	28	122	29	51	2
356	41	367	39	51	1
441	24	452	23	51	2
220	40	231	39	51	1
292	54	303	54	28	1
406	45	416	43	28	1
163	28	174	29	28	2
305	175	314	175	5	1
398	126	411	127	51	1
529102361_b6f2ef67c5_1193_31849008@N00.jpg
566	140	600	140	51	2
690	228	726	226	51	1
164	236	196	240	16	1
792	144	824	148	51	2
322	174	350	178	28	1
618	426	646	430	5	2
432	258	460	258	75	1
312	428	342	432	10	1
466	494	492	496	5	2
198	161	230	163	28	2
882	256	916	264	51	2
530830255_df720d7fe7_1172_44942009@N00.jpg
308	183	324	183	51	2
142	189	159	188	51	1
92	68	107	68	28	2
365	69	377	70	28	2
150	74	163	76	28	1
219	65	231	65	28	2
270	102	284	102	16	2
307	74	320	75	28	1
531633048_5c4deb4610_1269_41158151@N00.jpg
72	332	92	340	51	1
166	266	186	266	51	1
346	264	362	266	51	2
628	324	644	324	51	1
244	306	262	304	28	1
380	316	398	314	28	1
320	336	336	336	51	1
836	278	854	278	51	2
742	326	758	328	28	1
620	264	638	264	28	2
686	312	704	312	28	1
432	278	446	280	51	1
510	263	527	263	28	2
535	292	551	293	51	1
534124801_37a3be7864_1111_99023742@N00.jpg
502	344	532	344	28	1
878	350	906	344	51	1
316	324	346	324	28	1
146	402	174	400	28	1
274	150	296	146	28	2
316	438	344	444	1	1
886	156	908	154	51	2
452	190	476	192	51	2
158	182	180	186	51	1
712	124	732	124	51	2
612	214	636	214	51	1
534731394_ae0fee73bb_1131_8230219@N07.jpg
375	154	390	152	51	2
209	195	223	196	51	1
305	191	321	192	51	1
71	186	85	186	51	1
273	145	285	143	51	1
148	160	161	159	75	1
338	111	349	109	75	2
114	102	126	102	51	1
218	120	230	121	51	1
240	61	251	61	51	2
204	57	213	56	51	2
280	40	291	41	51	2
343	37	353	37	51	2
386	77	397	80	51	2
535119630_edf4587910_1408_33391148@N00.jpg
442	402	476	400	28	2
710	326	740	322	28	2
664	212	688	210	28	2
180	232	206	228	28	1
496	234	518	230	51	1
318	390	340	392	28	1
332	216	356	212	51	2
372	294	392	294	5	1
837	361	865	347	28	1
536843587_b375ffbfa9_1085_50397456@N00.jpg
318	134	336	136	51	1
214	92	232	94	28	2
680	106	698	106	51	2
806	110	826	110	28	1
518	138	538	136	28	1
436	86	454	84	28	2
584	104	604	104	51	1
758	176	778	176	16	1
634	202	656	202	16	1
172	328	188	328	5	2
324	364	338	362	5	2
760	69	779	67	28	2
539221102_34c8e11c77_1360_20333957@N00.jpg
920	354	948	356	51	1
752	368	780	366	75	1
166	368	192	366	28	1
766	232	794	232	75	2
248	322	270	318	51	1
396	272	418	270	28	2
482	338	508	338	28	1
580	276	604	276	51	2
270	252	288	252	51	2
480	253	503	254	51	2
539406672_c18f0af223_1370_97434557@N00.jpg
822	212	848	212	75	1
568	152	592	152	51	2
128	168	154	168	28	1
694	154	722	154	51	1
282	192	308	192	16	1
422	192	450	194	28	1
708	442	732	440	5	2
376	394	398	394	5	1
586	474	608	472	1	1
547718909_7de61a337c_1069_11939300@N00.jpg
816	284	850	282	28	1
848	480	884	476	28	1
244	636	278	634	5	2
270	468	308	472	28	1
570	454	604	452	28	1
830	124	860	118	51	2
168	338	200	332	51	1
660	108	688	102	28	2
210	168	238	172	28	1
126	76	154	76	28	2
446	310	476	310	51	1
596	648	628	650	5	1
466	106	496	102	51	2
622	312	652	310	16	1
316	86	344	82	16	2
288	232	312	232	1	2
557284078_89d21ce82e_1236_56194237@N00.jpg
75	165	85	165	28	2
168	162	179	163	51	2
205	125	215	125	51	2
134	121	144	121	28	2
392	157	403	157	28	2
313	251	323	252	75	1
121	181	130	183	28	1
317	140	326	141	28	1
261	150	270	148	28	1
155	201	164	201	1	1
221	253	231	254	75	2
357	183	368	183	28	1
558691085_a91626c2f7_1103_22582070@N00.jpg
408	194	421	194	28	1
93	211	106	210	28	1
290	61	302	60	28	2
150	81	162	83	28	2
352	113	364	110	28	2
252	144	264	144	28	1
217	91	228	91	51	1
370	232	380	232	1	1
151	168	161	172	28	1
563143893_8a1a43c08d_1357_38941334@N00.jpg
710	320	738	312	51	1
228	322	258	320	28	1
618	246	646	246	28	1
760	136	786	130	28	1
440	214	466	216	75	1
560	162	584	162	28	1
318	274	346	276	28	1
376	158	398	164	28	1
438	90	460	88	51	2
246	112	268	112	16	2
300	152	322	148	51	1
148	102	168	102	51	1
630	146	650	144	51	2
488	160	506	162	75	1
167	47	186	55	51	2
794	88	815	88	16	2
571448758_aeb847f083_1398_30022287@N00.jpg
269	134	279	134	51	2
322	130	331	133	51	2
386	132	397	132	28	2
178	128	189	127	28	2
130	132	140	133	28	2
414	171	424	172	28	1
102	191	110	193	16	1
242	153	252	153	51	1
338	160	345	159	5	2
573655217_d7eab05534_1370_28037746@N00.jpg
439	108	449	107	51	2
222	154	232	154	75	2
107	96	118	96	51	1
314	232	325	232	5	1
161	247	172	249	5	2
166	103	175	104	28	1
395	110	405	110	51	1
280	183	290	184	75	1
228	261	238	261	1	1
47	87	58	88	51	1
55	28	64	28	75	2
148	40	157	40	28	2
235	46	245	46	28	2
218	89	227	90	28	2
317	99	326	99	28	2
267	104	275	103	28	1
343	114	352	114	51	1
96	37	105	38	28	2
189	55	197	56	28	1
411	56	420	56	28	2
295	64	303	65	28	1
341	39	351	38	28	2
135	92	144	97	51	2
432	64	440	63	28	1
594514387_70fc1471b3_1016_9030448@N07.jpg
590	424	628	422	28	1
818	458	858	456	28	1
286	376	324	376	28	2
234	202	270	202	75	2
718	126	754	128	28	2
468	288	502	282	51	1
704	354	734	350	5	2
438	558	468	554	5	2
926	578	956	576	5	1
118	476	148	474	5	2
604146365_489362c7ca_1332_9235434@N03.jpg
348	210	368	210	51	2
92	164	114	168	51	2
214	200	234	200	51	2
474	210	494	208	28	1
718	176	736	174	51	1
606	214	628	216	75	1
552	168	570	164	28	1
832	164	852	164	28	1
414	190	432	190	51	1
756	234	774	232	51	1
607531627_3b7ad1e1fc_1346_44718255@N00.jpg
898	170	914	166	28	2
128	154	146	158	51	1
186	160	202	162	51	1
850	158	866	158	51	1
254	184	270	184	75	1
292	138	308	142	28	2
626	168	640	164	28	1
372	172	386	174	51	1
334	200	348	202	28	1
428	204	442	202	51	1
442	152	456	154	51	2
556	166	570	168	28	1
496	174	510	174	28	1
697	146	712	145	28	2
750	156	764	157	51	2
775	170	790	168	28	1
623343254_4f5598807f_1293_22962125@N00.jpg
662	360	684	364	51	1
758	166	780	166	28	2
204	182	226	184	28	1
354	192	378	194	51	2
480	212	502	210	28	1
652	182	672	182	28	1
312	378	334	376	51	1
554	192	576	192	28	2
635360704_be2c955716_1273_13709281@N00.jpg
255	119	264	119	75	2
230	58	239	60	51	2
127	65	137	65	28	2
413	45	423	45	28	2
332	80	340	78	51	1
366	51	374	52	51	2
314	58	322	58	28	2
159	69	169	68	51	2
443	72	452	71	28	1
288	75	297	75	51	1
383	76	392	76	51	1
198	79	206	79	51	1
24	53	33	54	28	2
265	62	273	63	28	1
417	86	425	86	1	2
64	67	73	67	28	1
61	178	69	179	5	1
639113260_9fc91669d5_1134_9378966@N04.jpg
604	274	626	270	51	2
372	280	392	278	28	2
740	288	758	284	28	1
482	292	500	292	51	1
534	358	548	358	1	2
691310492_9ac79760da_1216_9568273@N07.jpg
356	272	384	272	28	2
850	258	878	256	28	2
56	282	78	274	75	2
138	294	162	288	5	2
632	224	654	224	28	1
472	228	496	232	28	1
734	114	756	112	28	2
582	88	604	86	28	1
452	96	472	98	28	1
340	98	358	96	75	1
195	68	213	64	16	2
696562503_72a2033913_1421_65345905@N00.jpg
116	43	125	46	28	2
238	141	249	141	51	2
109	165	119	165	16	2
124	93	134	95	28	2
171	74	181	75	28	1
167	137	177	136	28	1
300	163	310	162	16	2
233	96	242	98	16	2
708162483_602c55cda8_1171_8938290@N02.jpg
306	214	352	220	28	1
428	536	474	530	5	2
854	184	896	180	75	1
568	380	614	388	51	1
570	110	610	112	51	2
482	262	526	260	75	2
144	138	186	134	28	2
660	216	704	208	28	1
716292792_5db24f3043_1162_81438057@N00.jpg
186	90	205	92	10	2
116	153	134	149	10	2
253	54	270	55	51	2
260	111	279	111	10	2
439	74	455	72	28	2
278	183	296	181	5	1
16	75	34	74	75	1
331	89	349	87	16	2
90	79	109	81	16	2
471	156	490	154	5	2
728452585_b996312556_1143_9740589@N06.jpg
682	268	704	270	28	2
164	264	188	262	51	2
542	388	564	384	28	2
748	408	770	408	16	2
784	272	806	270	16	2
126	418	146	412	28	1
436	386	458	390	28	1
370	262	390	268	16	2
280	466	298	466	5	2
550	280	570	276	28	2
320	424	340	424	28	1
756675800_01dc17adc6_1224_20123221@N00.jpg
272	456	292	454	51	2
578	154	598	152	51	1
292	158	314	160	28	1
182	106	200	108	28	2
416	140	436	138	28	2
688	138	708	136	28	2
528	478	548	480	28	1
768	202	786	200	28	1
443	459	459	458	1	1
736	477	757	476	75	1
783438288_b05d5c087e_1261_9111203@N07.jpg
280	142	300	144	28	2
548	338	566	338	16	1
654	124	670	122	51	1
538	146	554	146	28	2
370	172	386	172	16	2
736	182	752	182	16	2
416	140	434	142	51	2
748	334	764	338	16	1
227	165	248	165	28	1
712	395	727	392	1	2
822960978_25deed7c9b_1027_77039160@N00.jpg
87	237	102	239	28	1
415	249	428	248	51	2
133	225	148	225	51	2
199	291	211	291	5	1
341	261	354	260	5	2
113	166	125	165	28	1
363	185	373	185	75	2
168	190	178	190	51	1
239	186	249	185	51	1
263	310	272	307	1	2
321	186	331	186	75	1
829251235_6e39894f0e_1261_68749504@N00.jpg
626	564	664	562	5	1
246	92	276	92	28	2
710	386	746	384	51	1
480	496	518	496	28	1
300	512	336	520	28	1
288	686	322	684	1	2
558	384	592	386	28	2
348	146	380	142	28	1
460	162	488	170	28	2
565	143	594	139	51	1
726	117	757	112	28	1
833822975_8e81e56d7b_1275_10226009@N08.jpg
764	422	792	420	28	2
202	422	228	424	28	2
498	296	520	294	28	2
358	408	382	408	28	2
520	424	544	426	51	1
218	272	238	278	28	1
440	288	462	286	28	1
350	294	372	292	28	1
614	254	638	254	28	2
578	252	600	248	28	1
300	280	322	278	28	1
320	206	340	210	28	2
760	282	782	284	28	1
854011527_009acb01d3_1089_21888464@N00.jpg
366	324	392	326	28	1
296	228	320	228	28	2
382	110	404	112	28	2
702	252	724	252	28	1
674	406	696	406	5	1
514	74	534	76	75	2
696	88	714	88	51	2
508	384	530	382	5	2
594	154	614	154	51	1
492	244	512	246	28	1
859887722_6ced92f821_1385_67575295@N00.jpg
75	117	86	117	28	1
39	63	49	64	10	2
403	123	414	123	28	1
262	191	271	191	10	1
126	113	136	113	51	2
356	120	365	119	51	1
205	139	215	139	16	1
308	153	317	154	16	1
443	58	452	56	16	2
184	113	194	113	28	2
297	108	305	107	51	2
189	222	197	222	5	2
138	177	149	180	10	1
253	123	262	121	51	1
402	60	410	59	28	2
863835786_b958d90b7b_1185_47578443@N00.jpg
329	145	340	145	51	2
86	110	95	109	51	2
135	147	145	147	51	1
267	160	275	160	75	1
204	157	214	157	75	2
394	44	403	44	51	2
283	50	291	50	51	2
78	61	87	61	28	2
119	65	127	65	28	1
178	73	186	73	28	1
234	65	242	64	28	1
241	114	249	115	5	1
322	70	331	71	51	1
360	113	369	110	51	1
869007636_7d8fc0f200_1361_87188591@N00.jpg
322	312	344	308	51	2
702	232	722	228	51	2
578	90	596	88	51	2
486	360	504	360	28	1
260	220	280	220	28	1
650	348	668	350	28	1
424	152	442	152	75	1
308	126	324	124	75	2
464	214	480	212	5	1
398	248	412	252	5	2
577	266	594	265	5	2
644	140	657	140	1	1
873349126_0fee7a3f0d_1376_75898712@N00.jpg
902	310	918	310	51	2
82	316	96	316	28	1
322	284	336	284	51	2
470	338	484	338	51	1
692	408	706	410	10	2
766	420	780	418	10	2
166	304	180	304	28	1
312	346	324	350	16	1
236	312	250	312	28	1
388	314	400	314	51	1
690	344	702	344	28	1
399	457	412	459	5	1
468	446	481	444	5	1
564	512	577	513	5	2
503	358	513	359	1	2
554	320	566	320	28	2
624	343	637	343	51	1
758	343	772	343	28	1
827	339	843	339	51	1
882310537_ca09349710_1133_68245613@N00.jpg
416	106	444	102	28	2
406	392	436	398	51	2
226	168	252	168	28	2
138	234	164	234	28	1
536	158	564	152	28	1
272	312	298	310	28	1
366	552	390	548	1	2
36	308	56	302	1	2
887111419_6fa90a169f_1345_7412121@N07.jpg
35	93	49	92	28	2
248	175	262	175	10	2
159	79	174	77	75	2
232	95	246	94	51	2
296	88	309	88	28	2
436	126	451	125	16	1
124	139	138	138	51	1
400	78	415	77	28	2
341	128	355	128	51	1
314	231	327	230	5	1
894184118_712b71d88e_1038_75132993@N00.jpg
285	221	298	218	5	1
184	108	198	108	51	1
81	97	94	99	51	1
297	99	311	98	51	2
406	103	420	102	51	1
144	35	156	36	51	2
360	65	372	65	51	1
250	31	261	30	51	2
176	213	190	214	5	2
924344348_5367bce4ae_1244_47142807@N00.jpg
384	51	395	50	28	1
150	37	161	37	28	2
173	150	182	152	75	2
234	48	245	47	51	2
291	50	301	51	51	1
91	58	102	59	28	1
351	64	362	64	51	1
258	152	267	152	75	1
335	148	344	146	5	1
126	59	136	60	28	1
178	52	188	52	28	1
282	193	290	195	1	1
315	134	325	134	10	1
250	200	259	203	5	1
930480273_270a3501f3_1020_15775662@N00.jpg
202	196	220	200	51	2
408	240	428	240	51	2
472	318	490	318	51	1
640	298	660	300	28	1
814	298	834	300	28	1
342	322	358	326	16	1
728	190	746	186	28	2
838	190	856	186	28	2
204	292	224	290	51	1
136	122	154	124	51	2
780	132	798	132	28	2
266	140	282	142	28	2
374	152	392	150	75	2
300	254	320	256	51	1
576	488	592	486	5	1
564	231	581	233	51	1
633	165	650	162	51	2
764	337	779	336	1	1
909	122	926	122	51	2
957143662_3e8d8a9dd5_1029_46422416@N00.jpg
262	216	298	212	51	2
544	180	582	180	51	2
98	262	136	262	51	1
430	316	466	318	28	1
698	572	732	564	5	1
768	278	804	278	28	1
882	272	916	274	5	1
544	362	576	360	5	1
959921768_3d3f6bffc2_1214_48889072053@N01.jpg
842	212	868	210	28	2
648	242	674	240	28	1
628	366	654	370	10	2
514	476	538	476	5	2
734	254	752	250	5	2
342	264	366	262	28	1
166	364	186	360	1	1
221	386	241	377	10	1
451	185	476	180	51	2
961959445_a43006456a_1382_29451596@N00.jpg
396	290	426	296	28	1
568	368	594	372	51	1
854	340	884	336	28	1
676	332	700	324	51	1
526	230	548	230	28	1
288	186	310	190	51	1
612	218	632	216	51	2
380	222	400	222	51	1
207	308	236	317	28	2
980686247_47672732f0_1204_90663434@N00.jpg
312	248	336	246	28	1
380	120	402	118	28	2
482	254	504	254	51	1
700	432	722	434	28	1
620	124	638	122	28	2
736	192	756	192	28	2
258	178	278	176	28	2
478	400	498	398	10	2
200	208	216	208	1	1
518	153	536	154	51	1
625	213	649	217	75	1
793	230	809	236	1	2
986845870_ee666118f7_1259_79431910@N00.jpg
458	494	492	490	28	2
732	230	762	234	28	1
486	248	518	248	28	1
384	364	414	364	28	1
176	222	208	220	51	1
538	118	562	120	51	2
592	258	616	250	28	1
286	294	314	294	28	1
420	212	446	206	51	1
348	204	370	206	28	1
400	136	422	134	28	2
652	168	674	164	28	2
262	130	284	130	51	1
756	144	774	144	51	1
622	390	648	381	16	1
