1000887309_c2a3b6445e_1357_40124061@N00.jpg
342	147	354	146	28	2
231	47	241	47	51	2
146	147	157	147	28	2
285	51	295	51	51	1
1003227459_6165537cc6_1230_82312837@N00.jpg
256	62	281	61	28	1
139	80	163	81	28	2
341	191	363	192	5	1
215	184	235	187	1	1
1003649130_b82441765c_1028_41324968@N00.jpg
125	103	139	103	28	2
185	120	199	117	28	1
86	177	98	179	10	2
151	172	163	171	10	1
1004418060_e1b03900cc_1128_52888429@N00.jpg
236	152	247	151	28	1
211	105	221	105	28	2
188	191	198	193	5	1
270	202	280	202	5	1
1011184800_cbe1b6f2f6_1222_10952553@N06.jpg
217	108	241	101	28	2
116	111	134	111	28	1
158	191	177	191	5	2
53	167	67	168	1	1
1029632761_7056133f42_1344_11037128@N02.jpg
167	70	199	74	28	2
247	128	279	123	28	1
165	211	192	218	5	2
312	203	339	203	1	1
1029710562_9d8616d069_1059_21847161@N00.jpg
832	290	860	292	28	1
534	244	560	244	28	2
558	516	582	510	5	2
724	360	746	358	1	1
1034303003_f3eefc4619_1289_82791675@N00.jpg
754	222	800	218	51	2
302	224	342	234	51	1
572	238	618	236	16	1
390	306	432	302	16	1
1053122962_d6ceb32e21_1066_16274418@N00.jpg
291	75	309	75	28	2
307	154	322	157	5	1
141	74	155	73	28	1
168	118	183	120	5	2
1054619265_7788a199e0_1220_10829460@N04.jpg
168	338	244	354	16	2
630	186	694	180	51	2
356	198	422	194	28	1
488	530	554	538	10	1
1055315392_69d23a751c_1047_8441726@N05.jpg
388	274	410	280	28	2
516	284	538	282	28	1
412	132	432	134	51	1
646	268	666	266	28	2
580	288	598	280	28	1
515	383	536	379	1	2
1062363255_a11e12cd6f_1300_9663297@N06.jpg
538	274	604	268	28	1
316	182	376	182	28	2
260	418	316	418	5	1
686	514	740	518	1	1
1063221260_b22efe74d6_1261_9663297@N06.jpg
520	360	580	358	28	1
312	176	372	168	28	2
410	604	464	602	5	1
152	634	202	630	1	1
1068926938_2c131bacd9_1217_11236525@N06.jpg
552	338	604	340	16	2
674	226	728	230	28	2
404	344	446	342	51	1
194	298	238	292	28	1
1075522421_5761bff3e8_1399_11300355@N08.jpg
137	82	150	82	51	2
160	134	175	133	16	2
303	97	318	93	51	1
266	138	279	137	16	2
1078334128_497d382cf5_1332_9988384@N03.jpg
482	182	536	180	28	2
264	388	312	394	28	1
688	366	736	368	5	2
540	504	584	506	5	1
1105130659_7078b56875_1424_98853949@N00.jpg
361	75	377	76	51	1
193	188	208	187	5	1
211	100	226	101	10	1
283	133	299	133	10	2
1105895385_1366d869e0_1224_11049069@N05.jpg
638	170	656	168	28	2
300	166	316	168	28	2
508	222	526	222	51	1
570	204	588	202	28	1
405	177	426	181	51	2
692	200	708	194	28	1
1119239364_e30a126d86_1395_21974809@N00.jpg
256	96	302	106	51	2
578	490	628	492	16	1
88	556	138	560	10	2
520	162	568	150	51	1
1119526142_ef9293bd10_1024_21974809@N00.jpg
184	624	292	648	16	1
478	725	588	711	16	2
482	288	590	280	16	1
186	246	288	238	16	1
1151134151_d675e76ba8_1199_44811059@N00.jpg
295	153	311	154	16	1
160	96	176	97	51	2
264	129	280	128	51	1
223	86	236	87	16	1
1172767662_05238820df_1329_11576585@N03.jpg
64	78	78	81	51	2
120	117	134	118	16	1
300	106	314	107	16	1
225	89	238	89	51	2
361	122	376	120	75	1
444	102	461	100	75	2
158	113	172	118	51	1
213	242	231	243	51	2
1174861040_d7f3b36e2d_1293_83131204@N00.jpg
718	136	734	138	51	1
520	142	536	142	51	1
240	164	258	166	75	1
314	152	330	156	28	1
412	167	428	165	51	1
418	453	436	444	5	1
614	134	632	130	28	1
1200376418_767a453e24_1365_46042146@N00.jpg
292	656	350	650	16	2
696	614	746	614	16	2
510	216	562	216	28	2
800	296	846	294	51	1
119	243	169	245	51	2
1207353522_b7f2f83c11_1021_67011721@N00.jpg
304	82	352	88	51	2
634	234	682	234	51	1
698	424	740	422	1	1
468	154	506	146	5	2
1211916745_45c0a891e1_1027_73995592@N00.jpg
238	62	260	64	28	2
428	120	450	120	28	1
322	260	342	258	10	2
454	340	472	342	5	2
1213947813_393bf4cb5a_1163_12048986@N08.jpg
436	234	458	230	51	2
364	280	386	286	51	1
578	242	598	242	28	2
690	272	710	272	28	1
1229611814_da11458c1f_1088_74075822@N00.jpg
314	326	346	324	16	2
684	352	710	358	10	2
464	368	490	364	5	2
580	352	602	348	5	1
1232947509_e5be90ffc4_1083_17798382@N00.jpg
350	170	371	167	28	2
272	181	290	179	28	1
292	237	305	238	1	1
235	200	248	201	1	1
1243355280_a601167523_1341_12425206@N00.jpg
584	180	610	186	51	1
712	182	740	182	51	2
788	226	814	228	10	1
508	320	534	318	5	1
1243855551_2cc5f00eff_1417_60432743@N00.jpg
384	107	403	108	51	1
125	100	140	103	51	2
309	169	324	171	10	2
179	158	195	158	10	2
1245365558_894742e311_1259_32858590@N00.jpg
598	312	634	312	16	1
852	332	884	332	16	1
364	370	398	368	16	1
136	364	170	362	16	1
1255085699_01dc9b02e0_1403_39243191@N00.jpg
440	386	466	382	51	2
208	370	232	370	51	1
250	466	270	464	5	1
340	424	364	424	10	1
1258470788_4d2c595ac4_1101_46278893@N00.jpg
182	200	210	202	5	1
656	258	680	256	1	1
508	118	532	116	10	1
724	200	750	200	5	1
1260649378_bd51d168f4_1354_80484199@N00.jpg
222	158	262	166	51	2
572	158	608	160	51	2
404	284	442	288	51	1
732	158	770	154	28	2
1273594910_7f04ab7d55_1060_7844374@N05.jpg
227	158	237	160	75	1
271	100	282	97	28	2
163	107	174	106	51	2
122	143	133	144	75	1
75	96	87	100	28	2
1275685659_aa8815b499_1003_52888429@N00.jpg
256	117	287	123	51	1
46	143	78	144	16	1
376	172	403	170	10	1
145	187	173	191	10	1
1281981197_5cd38b8750_1238_39437954@N00.jpg
506	124	538	132	28	1
644	120	674	124	51	1
522	332	546	330	1	1
600	256	626	260	1	2
1283271036_f8e764e7b4_1417_67017883@N00.jpg
153	293	170	294	28	1
234	263	249	262	28	2
203	268	217	270	5	2
86	288	100	284	5	1
1287538849_3a4b7c8cf1_1225_79163859@N00.jpg
192	121	204	121	28	2
281	102	292	102	28	2
360	110	373	111	28	2
97	119	110	119	28	2
1301629107_d2238a67a5_1032_12471866@N07.jpg
592	172	614	174	28	1
478	292	498	288	28	2
656	82	674	80	28	1
410	140	428	140	51	1
1303576969_7f1cd78052_1116_66534763@N00.jpg
334	138	384	138	51	2
808	182	858	186	16	2
138	308	190	312	16	1
578	316	626	316	51	1
1306897001_07d16bc3c8_1181_74762283@N00.jpg
116	117	130	118	16	2
248	106	261	106	51	2
175	95	190	91	51	1
315	156	328	156	16	1
1323094408_c46d3c0113_1357_25265855@N00.jpg
236	124	255	124	28	1
142	58	160	58	51	2
311	98	327	97	16	1
227	33	244	35	28	1
1325181879_0f63ba91e9_1043_40646519@N00.jpg
296	430	354	438	28	1
338	130	384	134	28	2
480	226	516	228	5	2
328	722	372	728	1	1
1333794238_5bc0400880_1372_9657441@N04.jpg
490	304	510	302	51	1
356	248	378	250	28	2
734	284	756	278	28	2
590	302	610	302	75	2
1334586584_ad02f01908_1314_12818713@N08.jpg
298	61	314	59	28	2
92	85	108	87	5	2
170	122	187	122	5	1
250	89	264	92	28	1
1335944765_e2ad50ac2c_1327_12549788@N02.jpg
311	144	329	143	5	1
236	98	252	100	51	1
188	74	205	71	51	2
184	169	199	170	1	1
1337900652_b35f9638f9_1030_8398557@N04.jpg
476	108	500	104	28	2
596	160	620	162	28	1
486	302	510	302	10	2
750	306	770	308	10	1
1344476348_117aa0a1e6_1003_9009834@N06.jpg
171	43	185	43	28	1
324	99	337	101	28	2
151	119	164	119	5	1
280	104	291	103	5	1
1344828244_3e480b6dbc_1349_12951016@N03.jpg
218	92	231	88	51	2
223	230	234	228	51	1
64	235	76	237	75	1
154	92	166	93	51	1
87	57	100	57	75	2
1351685287_64222ad229_1339_11812618@N02.jpg
638	156	676	152	51	2
490	216	522	218	51	1
716	528	750	530	5	2
302	131	339	144	51	2
309	482	345	479	10	2
1351728783_45e3cf29b0_1253_11812618@N02.jpg
824	286	862	280	51	2
318	256	358	262	75	2
650	294	686	290	51	2
448	324	482	326	51	1
1352291907_dcc107619a_1033_8488799@N06.jpg
278	194	294	195	51	2
337	118	353	119	51	1
190	98	205	99	75	2
135	225	150	225	75	1
1352404679_4fd9dc71e4_1349_13114465@N02.jpg
810	248	836	248	51	1
506	252	530	250	28	1
354	202	380	202	28	2
356	416	380	418	10	1
191	190	217	190	51	2
685	275	715	275	16	2
1353159301_b239f74a09_1349_12742322@N02.jpg
782	190	818	184	51	2
194	318	228	316	75	1
598	206	630	202	28	2
412	310	444	308	51	1
1354814133_abfc67472e_1057_12596411@N00.jpg
658	238	684	234	51	2
552	274	574	276	51	1
328	274	350	272	28	1
242	290	266	290	51	1
440	251	464	250	75	2
746	316	771	315	28	1
1360715180_c11d35da86_1177_74815696@N00.jpg
410	92	425	92	75	2
82	87	96	87	51	2
234	71	249	71	51	2
318	100	332	101	28	2
155	121	170	122	75	1
1362936621_33349db978_1218_87984001@N00.jpg
550	408	588	402	16	1
642	332	682	334	51	1
428	244	466	246	51	2
438	494	474	498	10	1
1366137743_a598147496_1075_50952567@N00.jpg
610	146	656	138	51	2
274	222	316	236	28	1
744	258	794	258	51	1
386	140	430	142	51	2
1368174852_be6b4502ba_1396_8751729@N02.jpg
134	125	161	120	51	2
312	129	338	127	51	1
242	200	267	210	10	1
221	67	247	67	16	1
1369469298_f0dc1f5229_1073_7217186@N03.jpg
350	388	368	386	28	2
584	382	600	380	51	1
534	230	548	232	51	1
306	250	320	248	51	1
249	219	267	220	51	2
579	216	595	213	51	2
1372399808_09ff425a28_1400_29098086@N00.jpg
186	236	224	238	28	2
746	380	784	382	28	1
618	308	650	308	10	2
244	320	274	324	5	2
1382612307_b3bc9c64e7_1312_11096436@N05.jpg
644	440	676	434	51	1
254	184	284	184	28	1
528	358	550	352	51	2
446	202	468	202	28	1
1383741867_a4182ef007_1064_19623720@N00.jpg
241	148	258	149	51	2
371	216	387	216	16	1
257	77	272	77	51	1
84	172	100	173	28	1
1393275299_11b606fb50_1014_94902018@N00.jpg
814	254	868	244	51	1
346	140	394	146	51	2
602	230	650	230	16	1
102	190	146	194	28	1
1424481463_1df18f8291_1429_13986708@N07.jpg
298	306	340	308	75	1
424	190	466	194	75	2
510	566	548	556	5	2
712	344	750	340	16	1
577	330	614	328	75	1
1424801444_08d516e416_1382_13994285@N02.jpg
604	388	676	382	51	2
190	396	260	396	51	1
380	84	442	80	16	1
668	88	730	80	16	1
1424959701_ea1e14a448_1122_42437110@N00.jpg
200	182	232	188	28	2
310	198	342	202	51	1
678	244	708	244	51	1
520	228	548	228	75	1
797	247	830	233	51	2
1430313359_486cbe932a_1396_42437110@N00.jpg
852	412	906	418	51	1
246	200	292	208	28	2
468	286	512	282	75	1
710	262	752	256	28	2
1433126408_fd454037d9_1218_57038667@N00.jpg
634	166	682	156	28	2
328	422	374	416	28	1
592	634	632	632	5	1
148	502	186	500	1	1
1435744212_a04af67c79_1440_96218023@N00.jpg
272	538	336	544	51	2
482	244	544	242	28	2
284	206	342	222	28	1
612	594	676	592	51	1
1446106714_549f180280_1080_52871134@N00.jpg
626	212	676	214	28	2
890	252	942	254	28	2
364	300	412	298	28	1
102	368	146	368	28	1
1446294716_0659fef283_1373_95098913@N00.jpg
154	232	200	240	51	1
924	262	970	262	75	2
604	258	644	256	51	2
390	388	430	384	75	1
1448018888_90d954578e_1435_19215540@N00.jpg
266	85	291	83	75	2
162	205	186	209	28	1
130	133	152	137	51	1
189	134	210	133	75	1
1448694398_1dc199c32b_1059_52818162@N00.jpg
109	131	121	130	51	1
378	42	389	39	5	2
245	65	255	66	5	1
316	228	326	229	5	2
164	111	176	113	51	2
1454339893_74a2aeadb2_1391_18964834@N00.jpg
328	254	350	252	51	2
218	270	242	268	51	1
222	362	242	356	10	1
376	232	394	230	5	2
239	452	261	443	5	1
1455024668_e24b1f947f_1053_32665437@N00.jpg
560	188	620	186	51	2
304	304	362	314	51	1
732	218	778	226	5	1
94	332	142	328	1	2
1460456282_00f9039639_1057_68927324@N00.jpg
622	358	678	364	28	1
170	316	220	326	28	2
442	106	492	100	28	1
748	578	794	580	1	1
877	528	920	507	5	2
1460483771_de65a4a959_1103_7913860@N03.jpg
50	79	73	80	28	2
131	127	149	124	10	1
242	109	262	109	28	1
288	193	306	192	5	1
1464568300_d9742fe9b1_1153_15744862@N00.jpg
183	175	201	175	1	1
68	223	91	222	5	2
306	47	326	53	28	2
223	106	243	105	28	1
1481457978_68e995146a_1243_7943755@N06.jpg
354	542	388	538	28	1
198	510	228	518	28	1
412	332	440	324	28	1
252	286	272	288	28	1
1500988255_7e72185f24_2015_41527905@N00.jpg
144	422	172	420	51	1
304	218	324	222	28	2
170	526	190	528	1	2
414	400	434	400	51	1
651	376	675	372	75	2
1505566470_d655ca8705_2244_31543835@N00.jpg
68	174	172	182	51	2
544	356	630	318	28	1
812	380	884	368	1	2
340	372	394	362	1	2
1521623469_4b220d4e13_2254_47982852@N00.jpg
680	122	730	120	28	2
290	130	340	138	28	2
568	214	608	210	1	2
468	316	508	318	10	2
1523985097_dc2bc90e38_2272_12862544@N07.jpg
270	123	283	122	51	1
161	114	176	115	28	1
221	89	235	89	51	2
314	112	327	109	28	1
1524849942_e887dc63f1_2417_12862544@N07.jpg
306	119	328	117	28	2
218	166	241	163	51	1
163	116	185	117	51	2
265	155	287	155	28	1
1525328066_8e1d00a28a_2017_13731524@N03.jpg
194	104	227	103	28	2
115	181	143	182	28	1
285	274	310	272	5	1
75	326	96	322	1	1
1525328438_5f3aab4743_2081_13731524@N03.jpg
121	93	144	92	51	2
247	272	266	269	5	1
134	246	154	246	10	1
232	110	253	110	51	1
1525552042_ae9cfb57b5_2150_8557415@N05.jpg
282	300	328	294	28	1
592	170	636	160	28	2
390	426	424	420	5	2
742	364	770	354	5	2
1532958731_7d77cdf13c_2360_13195832@N04.jpg
246	230	276	230	51	2
508	286	538	284	16	2
686	278	716	280	51	1
518	162	546	166	51	1
1534456985_7ae235ce63_2238_26554535@N00.jpg
258	203	277	203	75	2
172	54	190	57	51	2
264	84	281	88	51	1
344	88	362	89	51	1
1545678707_16f82072a2_2044_70426727@N00.jpg
426	96	472	88	75	2
246	206	294	208	16	2
746	186	790	188	51	1
378	454	416	446	5	1
485	284	530	307	16	1
659	386	697	361	10	2
1561079277_ef1c8ff7a4_2341_13987146@N06.jpg
139	165	164	163	16	1
196	79	218	76	51	2
267	172	291	170	51	1
382	176	406	173	16	1
1565087027_ec107c912a_2257_78705411@N00.jpg
361	106	384	105	28	2
115	112	136	117	28	1
248	164	264	165	5	2
164	174	179	175	1	2
1579577097_6c86003ab5_2215_15119692@N07.jpg
157	225	172	225	10	2
275	50	290	50	16	2
83	142	97	144	28	1
151	55	164	54	28	2
1580504304_2ac41ccb27_2210_15030185@N05.jpg
249	227	269	220	10	2
273	65	291	63	28	2
307	107	323	109	10	1
227	118	244	119	28	1
1580607626_1d5ae56a47_2419_15030185@N05.jpg
148	172	160	167	28	2
114	170	124	173	28	1
216	217	224	219	10	1
176	292	186	292	5	1
1587831911_d6efcaea72_2104_64155482@N00.jpg
350	120	384	120	51	2
562	98	592	104	51	1
192	256	222	250	10	1
682	174	710	178	16	1
1588419874_0bdb046a3a_2041_30689048@N00.jpg
272	227	300	224	28	2
143	165	172	163	28	1
372	211	397	213	28	2
214	137	238	134	51	1
162	56	185	65	75	2
1609374063_1d0fc74fd0_2124_14426551@N02.jpg
181	113	194	111	51	1
114	105	127	103	51	2
94	157	106	159	5	2
186	185	197	184	10	1
1612096412_a0c25b0fe6_2077_98307374@N00.jpg
794	214	832	210	51	2
608	328	642	330	28	1
418	372	446	372	75	1
300	290	332	290	75	1
153	253	182	246	28	1
1618462265_70d4e9d531_2012_25559937@N00.jpg
410	314	448	310	28	2
204	422	240	420	28	1
400	594	432	596	5	2
324	384	350	384	1	1
1618464991_9ef03c12b1_2116_25559937@N00.jpg
412	272	452	268	28	2
222	404	256	398	28	1
314	570	346	570	5	2
342	336	370	342	1	1
1619445496_47ce98b040_2046_25559937@N00.jpg
300	220	342	214	28	2
408	330	446	336	28	1
340	490	376	498	1	1
144	318	176	316	5	2
1619452922_b520656a84_2016_25559937@N00.jpg
356	240	394	240	28	2
396	354	432	358	28	1
222	424	252	428	5	2
272	220	300	222	1	1
1622627485_5c297b94d3_2301_51035655711@N01.jpg
678	162	724	160	28	1
446	408	492	398	28	2
486	178	526	182	16	2
312	214	350	216	16	1
1664452065_d82f52ba10_2307_38649975@N00.jpg
211	150	228	150	51	2
69	51	82	51	28	2
275	64	288	64	28	2
168	97	182	97	51	1
100	168	117	167	51	1
1682351640_10b9209a29_2217_16104739@N00.jpg
260	194	302	194	51	2
512	240	554	240	16	1
622	196	662	194	51	1
384	310	422	316	10	2
1702121515_2694c52ce0_2150_29756933@N00.jpg
394	452	448	462	10	2
450	268	480	262	51	1
336	228	366	222	51	1
536	294	562	292	5	1
1703077097_897bb3e24d_2197_15475309@N02.jpg
236	170	292	176	28	2
710	184	768	190	16	2
484	324	540	328	28	1
462	112	510	120	28	1
1731154229_47e91a050e_2404_14081020@N07.jpg
392	216	414	214	51	1
560	228	580	234	51	2
496	224	514	224	5	2
230	336	246	336	5	2
1732832687_a3ea7c73eb_2226_23881093@N00.jpg
209	106	223	108	28	1
301	91	314	91	28	2
164	142	176	144	5	2
298	147	310	147	5	1
1751967147_02f438321a_2115_13860187@N03.jpg
90	193	108	189	5	2
184	66	201	71	28	2
249	102	266	102	28	1
324	158	337	146	10	1
1762604671_231ab26071_2149_96247146@N00.jpg
198	226	254	234	51	2
650	242	692	242	28	1
370	224	412	224	28	1
526	330	556	324	1	2
841	160	885	156	51	2
1793678054_396b80a627_2180_7956689@N04.jpg
244	64	257	62	28	2
177	90	189	94	28	1
153	79	165	80	5	1
220	76	228	76	5	1
1801492670_0547fa9f21_2130_8698090@N08.jpg
118	240	149	242	51	2
236	261	267	256	28	1
98	137	125	138	16	1
204	140	230	136	28	2
1801515424_9ee8a062a2_2054_14472617@N00.jpg
156	106	187	113	51	2
269	141	298	135	28	2
370	146	399	149	28	1
101	211	129	212	51	1
1806405396_dbc9dc4804_2092_16914224@N05.jpg
221	71	237	71	28	2
288	92	306	92	28	1
184	123	198	122	5	2
316	182	330	183	1	2
1807947451_29fc0d2548_2148_12742322@N02.jpg
244	206	274	208	51	2
606	228	636	234	28	1
764	194	794	188	28	2
374	204	402	198	51	1
1807955757_467d4097db_2294_12742322@N02.jpg
128	342	148	344	28	2
240	338	262	338	28	1
518	318	538	318	28	2
364	326	386	324	28	2
1808727974_295198b82e_2086_12742322@N02.jpg
766	130	808	122	51	2
158	142	198	146	28	2
566	156	602	152	28	2
378	266	412	266	51	1
1813494101_905d3fef4c_2081_23324812@N00.jpg
210	396	276	398	16	1
708	346	768	350	28	1
534	386	592	390	16	1
374	154	430	154	28	2
1815383625_3cec978cd9_2256_13927568@N06.jpg
492	188	520	184	28	2
340	292	368	290	28	1
330	422	354	422	10	2
188	324	212	324	16	1
1820104258_2b4b27018e_2278_12829628@N05.jpg
224	426	270	432	51	1
480	206	530	204	51	2
460	636	504	632	5	2
152	672	188	668	1	2
1826441917_5d2911c006_2398_10520218@N03.jpg
186	112	220	114	51	2
392	368	426	372	28	1
452	578	484	576	5	1
284	254	308	252	1	2
1835109862_49fe21d6c7_2052_78495325@N00.jpg
284	190	352	212	28	2
682	324	752	302	28	1
782	486	844	498	1	1
422	270	478	264	5	2
1849294553_fbd1e11ccd_2197_16834006@N02.jpg
804	204	884	192	28	2
410	448	490	458	28	1
182	394	250	418	5	1
624	486	692	490	5	2
1849979090_ebb967a462_2229_10520218@N03.jpg
370	228	402	224	51	2
616	228	644	218	51	1
200	182	226	178	10	2
696	344	724	342	5	1
1850863071_f3b8e1adda_2052_15137189@N07.jpg
342	83	361	83	28	2
96	195	115	194	1	1
268	111	287	109	28	1
209	166	226	166	5	2
354	168	371	161	10	2
1856246976_db35263843_2013_48552580@N00.jpg
512	184	550	178	16	2
636	118	674	104	51	2
736	246	770	248	10	2
368	152	400	146	28	1
1859240836_15975c3625_2244_8591240@N03.jpg
218	472	264	466	51	2
320	154	356	166	51	1
338	532	376	538	1	2
430	342	466	350	5	1
1860741686_16b1a05ac8_2384_69049632@N00.jpg
306	202	324	199	28	1
203	169	221	170	28	2
183	78	198	77	5	2
269	249	282	248	1	2
1867493580_2f2d788939_2047_9514893@N02.jpg
412	484	452	482	51	2
394	142	428	146	16	2
242	204	274	208	10	2
514	472	546	478	5	1
180	494	222	500	51	1
1915512971_6a611eecb9_2155_98568706@N00.jpg
250	410	268	412	51	2
214	632	230	632	10	2
420	456	438	456	28	1
328	426	344	426	5	1
1915513025_1784db81ea_2049_98568706@N00.jpg
390	144	420	148	28	2
616	162	646	154	28	1
312	220	338	218	5	2
480	188	504	182	5	1
1915513071_5738ec05ca_2126_98568706@N00.jpg
306	160	360	160	28	2
746	210	804	208	28	1
154	322	200	322	5	2
524	246	568	250	5	1
629	399	661	410	1	2
1920338695_374efb679d_2124_19256564@N08.jpg
274	158	326	154	51	2
480	254	518	240	51	1
642	474	686	476	5	2
312	384	358	390	5	2
1940435425_c04d049064_2181_65861193@N00.jpg
122	141	145	142	28	2
323	119	345	117	28	1
142	52	160	51	5	2
253	127	269	127	5	2
1940440988_c77d45f269_2058_39471939@N00.jpg
738	128	778	120	51	2
258	244	298	244	28	1
410	250	444	252	5	2
628	234	662	242	5	1
1951160821_809ffa56b0_2125_99319294@N00.jpg
368	121	396	120	51	1
278	87	302	84	28	1
209	76	230	70	28	1
107	57	122	54	28	2
54	58	67	55	51	2
139	75	158	71	28	2
1951165647_239efee358_2179_99319294@N00.jpg
390	173	417	171	28	2
54	83	80	80	28	1
129	162	157	166	28	2
300	88	326	85	28	1
1977921504_f766079feb_2347_13463200@N05.jpg
340	201	352	200	75	2
134	213	146	213	28	2
213	196	225	196	28	2
282	210	293	211	75	1
1985040507_e21d308cbb_2204_10520218@N03.jpg
374	138	426	134	28	1
626	90	680	86	51	2
764	230	808	228	16	1
178	258	218	256	1	2
2004048133_e9dfe2ac4f_2079_20193717@N00.jpg
370	128	392	134	51	2
476	190	496	194	51	1
588	212	606	210	10	2
688	230	706	232	5	2
2005105636_b5ccc6d303_2350_44811059@N00.jpg
710	348	764	350	16	1
272	160	322	162	51	2
612	274	664	266	51	1
476	130	518	134	16	1
2005192310_d3b2720190_2213_20681590@N06.jpg
268	142	302	146	28	2
566	194	598	194	51	2
442	214	476	214	51	1
718	238	748	240	28	1
2007416290_a9dc6b2f8c_2176_83371476@N00.jpg
187	104	211	104	51	2
317	90	341	89	51	1
259	123	277	119	5	1
126	112	145	111	1	1
2008922024_48cb1401c4_2399_84022533@N00.jpg
366	110	384	114	28	2
674	146	694	144	51	2
566	156	584	156	28	2
470	178	488	180	51	1
423	111	440	114	16	1
2009353670_7afe5ed9bc_2404_10159855@N08.jpg
149	84	172	80	51	1
274	97	295	95	51	2
327	181	347	181	1	2
223	181	241	183	5	1
2011280511_ee3ef7d42f_2363_11837759@N04.jpg
440	128	488	120	51	2
274	216	328	216	51	1
638	322	688	324	16	1
438	484	484	480	10	2
2047949835_5577a8df95_2039_34328731@N00.jpg
194	214	224	218	28	2
316	356	344	356	10	1
82	346	112	346	5	2
534	344	558	342	5	2
455	290	483	296	28	1
2048557274_ab954f6249_2105_15137189@N07.jpg
424	314	484	312	28	2
264	192	318	194	28	1
366	714	408	718	1	2
596	506	640	506	5	2
2053254094_92df1375c0_2143_13927568@N06.jpg
222	166	266	170	51	2
752	142	794	136	28	2
544	212	584	208	51	1
374	250	414	244	51	1
2053430587_153848def3_2004_37946699@N00.jpg
688	166	716	164	28	2
418	152	444	152	28	2
498	226	526	226	16	2
576	184	594	184	28	2
315	130	345	137	75	2
2054562936_5ff34de96a_2002_12391619@N03.jpg
249	51	265	49	51	2
356	80	368	75	5	1
191	46	206	47	28	1
118	100	131	101	5	2
2054846847_3c7645a0e0_2112_92455828@N00.jpg
648	140	678	134	28	2
408	164	436	162	51	2
306	184	332	186	28	1
544	202	568	208	51	1
2055393125_997f9ecc98_2087_21141230@N03.jpg
316	180	336	182	28	2
608	220	628	220	51	2
494	250	514	252	51	1
410	270	430	274	28	1
2055630486_9b66538501_2201_92455828@N00.jpg
522	192	554	186	28	2
274	214	302	212	51	2
164	238	190	242	28	1
390	264	414	258	51	1
2055750575_7b11fb0a40_2026_41664738@N00.jpg
146	394	178	382	51	1
682	368	718	364	51	2
364	310	394	310	28	2
572	166	598	166	28	1
2057591177_8a96a80646_2221_24797513@N00.jpg
676	128	722	120	51	2
352	200	394	188	16	1
578	192	620	194	16	1
176	176	216	176	51	1
2062555241_b14e19552f_2343_19112945@N00.jpg
544	126	600	132	51	1
402	344	452	340	5	2
832	432	884	438	1	2
768	78	820	78	51	2
2064979080_8a2d2252f9_2132_20947166@N00.jpg
724	304	774	304	28	2
204	322	246	324	28	1
330	278	370	288	5	1
824	614	870	610	1	2
538	442	586	459	5	2
2073747986_f28b2c32a2_2238_23324812@N00.jpg
644	118	708	124	28	2
386	204	450	182	28	1
462	494	526	498	5	2
262	310	320	310	1	1
2073812999_7043fc476a_2228_23324812@N00.jpg
378	274	438	272	28	1
200	330	254	330	5	1
588	202	644	196	28	2
790	416	840	418	5	2
2074099592_a37dd7c7fe_2055_23121883@N00.jpg
604	332	662	328	51	2
372	178	422	174	28	1
198	304	250	302	10	2
394	586	448	586	5	1
2075214982_3305c1c49c_2187_7920195@N03.jpg
141	46	166	47	28	2
238	126	261	128	28	1
173	270	196	270	5	1
305	155	324	156	5	1
67	181	84	173	1	2
2077314947_99bb45c49b_2380_8081344@N03.jpg
594	110	640	106	51	2
306	208	342	202	10	1
430	164	468	164	51	1
668	300	706	298	5	1
2078103416_934e14bef2_2126_8081344@N03.jpg
602	114	656	108	51	2
360	158	408	160	51	1
214	234	260	232	5	1
684	366	728	366	5	1
2083372573_9de5f75064_2302_43019473@N00.jpg
225	52	244	54	51	2
222	201	241	202	51	1
121	146	137	146	28	1
361	142	378	144	28	1
2084059954_cef477e87b_2069_72481613@N00.jpg
349	108	372	110	51	1
106	95	127	94	28	2
268	104	288	102	16	1
156	131	175	132	5	2
209	75	231	70	51	2
2084958569_2f896d5269_2020_94816470@N00.jpg
182	67	202	66	28	2
90	77	110	77	16	2
305	64	323	62	16	2
366	156	383	154	10	1
2085741780_f542ca59c5_2189_94816470@N00.jpg
136	142	153	141	16	2
375	173	391	173	16	2
327	108	343	106	28	1
241	139	255	138	16	1
2086433417_93809e5417_2329_33713560@N00.jpg
113	158	130	163	28	1
213	86	230	88	28	2
355	171	368	164	28	1
311	102	326	98	28	1
2087703213_2328d890c0_2047_58158098@N00.jpg
322	162	362	166	28	2
644	260	680	260	28	1
578	358	606	360	1	1
462	220	490	222	1	2
2087873793_aee7574acb_2399_16641795@N00.jpg
312	87	339	87	28	2
219	100	243	106	28	1
395	137	416	135	5	1
245	194	267	194	1	1
2087874365_abc6eccb6f_2413_16641795@N00.jpg
274	32	287	34	28	2
346	35	359	39	28	1
299	208	312	206	5	1
424	223	436	225	1	1
2088355730_f6a5d7a984_2129_76718581@N00.jpg
196	142	222	139	10	2
125	105	151	104	51	2
399	117	427	118	51	1
319	172	342	173	5	2
2089543263_3b74488cc4_2190_47216947@N00.jpg
230	224	266	228	51	2
396	286	428	288	51	1
712	274	742	274	51	1
558	306	590	312	16	2
2093257904_00275c635d_2256_52481047@N00.jpg
488	250	520	248	16	2
806	382	836	382	10	1
366	240	394	238	51	1
636	284	666	286	28	1
249	213	282	214	51	2
2093263470_63e7a064a9_2256_52481047@N00.jpg
155	99	179	98	28	2
302	87	322	87	28	1
313	170	331	170	5	1
209	170	228	169	1	2
2098178479_3ecbdd96c8_2167_62429953@N00.jpg
712	142	752	144	51	1
370	162	410	164	51	2
598	298	636	300	10	1
292	344	326	344	5	1
2098345487_cf773de946_2392_99184416@N00.jpg
570	214	640	186	28	2
376	186	446	204	28	1
774	472	838	464	5	2
136	544	198	540	1	2
2098429595_065e30b1d3_2173_52889139@N00.jpg
391	62	406	64	51	1
156	55	173	55	28	1
316	69	331	72	28	1
211	88	225	85	28	1
106	30	123	31	51	2
2099696961_71829d0624_2108_11758584@N03.jpg
132	502	160	504	10	2
282	446	308	444	51	1
436	544	460	544	5	2
532	496	554	494	5	1
433	455	459	440	51	2
2100503189_828eaedbeb_2254_11288387@N07.jpg
223	113	247	116	28	2
342	146	364	146	28	1
150	141	170	138	5	1
377	202	389	199	1	2
2105092649_6b95ec34eb_2110_14079238@N05.jpg
592	174	652	180	28	2
342	158	396	156	28	1
124	218	174	218	5	2
760	318	808	330	1	2
2105347207_e28345c7e0_2393_43278228@N00.jpg
592	130	640	128	28	2
226	204	272	210	28	1
806	350	848	344	5	1
364	420	402	420	1	2
2105348539_8f918cbaa7_2316_43278228@N00.jpg
400	180	456	188	28	2
268	454	326	454	28	1
510	556	558	548	5	1
140	566	188	572	1	2
2106198300_d774d8e823_2050_20874981@N00.jpg
182	127	196	129	16	1
107	71	123	70	51	2
333	90	348	90	28	2
248	87	262	87	51	2
2107575055_3a28b4721d_2222_39471939@N00.jpg
482	232	548	242	51	2
240	368	302	376	51	1
630	402	682	380	28	1
2108325916_538008d404_2210_39471939@N00.jpg
602	340	648	330	51	2
218	352	268	352	51	2
394	456	442	462	51	1
482	144	526	144	51	2
2108379474_8200d7f697_2070_39471939@N00.jpg
218	130	242	132	51	2
772	194	798	188	51	2
390	180	414	178	51	2
652	206	670	208	5	2
555	159	580	155	51	2
2110415157_66aac04f58_2102_24797513@N00.jpg
331	62	353	59	51	2
85	86	105	86	51	1
173	98	193	92	16	1
283	94	303	95	16	1
2112394857_0d13865971_2279_25133423@N00.jpg
884	440	934	446	16	1
710	428	756	436	51	1
706	202	744	198	51	2
522	158	558	160	16	2
2113005076_b174c8685a_2074_82157200@N00.jpg
470	170	498	172	28	2
816	190	848	192	16	2
270	158	298	164	28	2
616	412	640	414	5	1
2114999416_d00f19718f_2037_71101372@N00.jpg
764	304	824	308	28	2
274	370	332	358	28	1
572	324	624	336	10	1
396	526	446	524	5	1
2118863193_b5f1f22ecd_2387_20947166@N00.jpg
546	198	610	196	28	2
696	510	746	504	1	2
346	176	404	174	28	1
192	450	244	454	5	2
2120745934_1595e8a863_2303_12464517@N03.jpg
434	240	502	240	28	1
590	174	652	162	28	2
628	454	680	450	5	1
2383708121_76b0948841_2316_25285939@N04.jpg
212	282	250	284	28	2
502	552	538	556	5	2
394	370	436	370	28	1
160	514	192	516	5	2
2384515752_e26472fb3c_2112_25285939@N04.jpg
264	228	316	238	28	2
422	196	460	184	51	1
474	450	510	452	5	2
328	566	364	558	5	2
2384544616_154284c3ee_2282_25285939@N04.jpg
776	256	836	258	28	2
182	256	234	256	51	1
354	420	396	416	5	2
532	418	570	416	5	2
2386958421_fd18d70063_2251_25279749@N06.jpg
319	80	335	79	28	1
151	65	167	69	28	2
210	67	226	66	28	1
277	149	290	149	1	2
2387057289_e7e71f05b0_2404_25330465@N07.jpg
716	240	754	240	28	2
472	298	508	294	16	2
390	404	424	400	16	1
468	432	506	428	16	1
2387647282_a285d2ea98_3112_19974500@N00.jpg
386	440	418	438	75	2
498	288	532	284	28	2
252	334	286	334	51	1
148	314	176	318	28	1
2388066320_dd535ab0f6_2117_47329863@N00.jpg
534	210	596	200	51	2
246	474	312	464	28	1
386	298	448	302	51	1
680	456	744	456	28	1
2388231168_f02619ce11_2340_92365084@N00.jpg
147	129	164	128	51	2
286	180	303	179	28	1
75	171	92	171	28	1
222	164	239	164	51	1
2389078414_abe9d95dd6_2248_54725374@N00.jpg
550	146	590	154	51	2
374	184	412	178	28	1
240	356	274	350	5	1
490	312	522	316	1	1
2390512818_e6a0db544f_3064_80027864@N00.jpg
398	428	440	426	16	2
794	354	834	352	51	2
520	198	556	202	28	1
182	116	220	122	16	2
125	388	161	392	51	1
814	76	857	67	51	2
2393836242_6958da9f19_2111_23416527@N04.jpg
224	378	260	376	28	2
460	420	496	422	51	1
496	246	528	246	5	2
316	202	348	206	10	2
709	108	744	93	28	2
668	465	703	456	28	1
756	529	789	528	5	1
2393993918_23f883f49c_3135_25399707@N03.jpg
296	86	326	88	28	2
472	476	506	490	10	2
204	348	242	350	28	1
254	520	280	514	1	1
2394388993_b294140498_2194_67596739@N00.jpg
76	126	121	132	28	2
395	203	432	197	28	1
189	191	225	192	5	1
327	234	358	232	1	2
2395027039_5dd31e915b_2144_92534790@N00.jpg
478	238	532	242	51	2
248	222	302	220	51	1
796	308	846	302	10	2
654	134	700	132	16	1
2397630341_ddf00f90f9_2173_12540587@N08.jpg
213	72	239	76	51	2
59	97	84	98	28	2
150	137	172	130	51	1
212	182	231	181	5	1
112	238	128	230	5	1
2397986326_2717a9b92f_2204_18227402@N00.jpg
670	222	710	224	28	2
392	304	432	302	28	1
556	324	596	326	51	1
448	196	488	194	51	2
2398395979_105d068d91_2047_11220502@N08.jpg
347	201	373	201	28	1
208	130	232	129	28	2
97	174	119	177	28	1
161	174	184	173	28	1
279	203	301	195	28	1
2398743500_9ecc807c8d_3132_97134791@N00.jpg
330	186	370	188	51	2
762	206	798	218	51	1
574	308	602	304	5	1
522	118	550	114	5	1
2399226726_e68bd72258_3129_11220502@N08.jpg
110	43	122	44	51	2
314	45	327	43	28	1
260	48	273	47	51	1
196	48	209	47	51	1
2399980034_402aa32ecc_2067_27691664@N00.jpg
460	68	488	66	16	1
708	272	738	268	28	2
666	56	694	58	28	1
344	138	374	134	51	1
2400225674_f55e529aaf_2128_25483580@N04.jpg
548	408	598	414	28	2
620	148	670	138	28	1
806	388	846	390	1	2
282	258	322	262	5	1
2400876923_a1e58629b7_2022_14146817@N04.jpg
164	216	242	204	28	1
748	242	826	236	28	2
360	438	428	426	10	2
560	286	636	286	16	2
2400877567_dbcbee02e1_2037_14146817@N04.jpg
682	204	738	200	28	2
264	164	316	160	28	1
542	230	594	230	16	2
400	310	452	306	10	2
2401568353_fde02beca8_2142_25072020@N04.jpg
182	252	208	252	51	2
510	208	532	202	28	2
298	218	322	218	51	1
440	244	458	240	28	1
2405124595_5c39109c23_2184_8342882@N07.jpg
138	173	159	175	51	2
276	94	293	94	51	2
198	121	217	119	51	1
221	256	236	256	5	1
2405583673_d927830d6c_3043_21034160@N04.jpg
199	156	215	157	28	2
155	169	169	169	28	1
247	216	259	217	5	2
142	226	152	226	1	1
2407013081_77e4af6c3d_3001_9092145@N08.jpg
342	49	364	49	51	1
272	77	293	76	16	2
361	215	383	216	5	2
158	61	180	65	51	1
113	98	130	105	5	2
2409438059_41264f7625_2182_22579426@N07.jpg
538	266	570	262	28	1
530	394	556	396	5	1
434	240	460	240	5	2
640	404	664	406	1	2
2412501956_e8ac297f85_2295_40024890@N00.jpg
290	470	330	474	16	1
316	254	352	252	16	2
520	164	556	160	51	2
422	138	452	138	51	1
2420202908_ddfa4efe68_2115_15545410@N00.jpg
616	432	636	434	75	1
498	374	514	374	10	2
556	284	574	282	51	1
448	280	466	280	51	1
396	413	416	413	75	2
2420497944_2079d330d2_3057_9224803@N03.jpg
142	86	166	89	28	2
208	123	227	118	28	1
73	256	94	254	5	1
270	352	288	351	5	2
2420574620_a8f7aa0c60_3295_80307320@N00.jpg
142	203	170	202	51	2
184	66	208	66	51	1
83	278	105	277	5	1
237	225	258	227	5	1
2422158582_3999fc77f0_2405_20350200@N08.jpg
284	144	328	148	51	2
698	272	740	272	10	2
424	106	462	96	10	1
576	110	616	110	16	2
2428594037_4db40cd350_3139_90799336@N00.jpg
358	214	398	214	28	2
660	240	698	234	28	1
236	302	266	302	1	1
568	404	604	406	5	1
2428783725_095a7814b4_2385_10821192@N08.jpg
534	334	562	334	51	1
664	304	692	302	51	2
398	506	424	508	5	1
548	438	570	436	1	1
2429111029_7fb5c16b5d_3208_8658049@N02.jpg
152	156	172	160	75	2
402	152	418	154	51	2
526	136	542	138	51	2
650	128	668	128	51	2
264	150	286	151	75	2
762	221	779	223	51	1
873	158	891	154	51	2
2430437770_1a9eba495c_3258_25851504@N03.jpg
305	61	326	55	28	2
128	103	151	101	28	1
259	112	277	111	5	1
183	162	199	160	1	1
2430581512_49359d4948_3160_14321326@N00.jpg
191	178	205	177	10	1
117	227	130	229	5	2
119	150	130	148	10	1
61	191	73	189	28	1
155	101	167	92	51	2
2434540461_964defe934_2252_37077179@N00.jpg
334	214	384	212	28	1
824	162	872	162	28	2
202	80	248	78	28	2
546	330	588	326	28	1
2435547035_d3361b25be_2191_10323774@N02.jpg
245	166	275	150	28	1
371	309	402	305	5	1
98	196	130	202	5	1
239	327	270	322	1	1
140	95	172	79	28	2
2437159736_11387e78e6_2098_24658964@N02.jpg
708	176	750	166	51	1
586	172	622	172	10	1
408	170	450	166	51	1
328	264	360	264	5	1
2439416797_24126b3817_3287_7544272@N04.jpg
620	76	646	72	10	2
258	110	284	112	5	2
250	200	276	200	1	1
550	354	572	354	1	1
2440447198_1bc0095342_2360_25351444@N05.jpg
210	186	246	186	51	2
760	114	796	108	28	2
598	210	632	208	51	1
362	170	396	170	28	1
2441555402_138fb87153_2401_39199672@N00.jpg
167	137	190	137	75	2
329	143	351	143	75	1
212	50	229	52	28	1
295	45	312	46	28	1
2442807449_8ecc8c6db2_2023_88938104@N00.jpg
357	88	378	85	51	2
85	82	105	80	51	1
259	78	276	71	51	1
174	66	193	63	51	1
2443119751_e3fa865c2f_2029_7946848@N08.jpg
460	224	506	224	75	1
112	564	152	560	5	1
202	404	240	416	10	2
360	741	392	743	5	1
2443758563_6afc2bdbc3_3059_52731636@N00.jpg
262	82	284	80	28	1
172	69	192	75	28	2
361	106	379	106	10	2
103	136	121	138	5	1
2443758859_859e85d02c_3118_52731636@N00.jpg
299	64	318	63	28	2
230	99	249	100	28	1
115	186	131	186	5	1
366	168	381	169	5	2
2445206702_54cd0fb1b0_2347_81727943@N00.jpg
290	146	320	150	28	2
202	236	224	234	1	2
338	570	364	570	5	2
414	246	440	250	28	1
2449372498_0eda941944_2296_8175142@N06.jpg
330	338	356	340	75	2
612	392	636	382	28	2
526	374	550	370	51	1
426	390	448	392	28	1
2451030324_8293c54fdf_2233_26092675@N05.jpg
274	166	330	170	28	2
420	346	474	350	28	1
386	650	438	662	1	1
656	464	704	464	5	1
2452938029_1ccbca6420_3152_8030883@N08.jpg
251	106	274	108	28	2
163	158	189	161	28	1
378	191	399	192	5	2
369	109	389	111	10	2
238	271	256	274	1	1
2453394181_0ca00e0344_2091_14700574@N05.jpg
284	262	326	262	28	2
628	362	674	366	28	1
422	448	462	452	5	2
150	392	188	390	1	1
2454720067_7350a3182d_2323_9445957@N08.jpg
650	234	686	234	51	2
288	226	316	228	28	2
530	342	558	338	16	1
398	284	426	282	51	1
2459837024_02ebd1495a_3123_34784129@N00.jpg
610	120	650	114	28	2
448	170	484	176	28	1
522	150	554	152	5	2
382	300	408	300	1	2
2462474600_1e11459578_2173_20694129@N03.jpg
410	332	436	334	51	1
320	264	342	266	16	2
510	314	532	314	28	2
644	288	664	288	16	2
2462484698_8fcec92ddb_2049_20694129@N03.jpg
298	358	314	358	16	2
518	344	534	346	51	1
338	362	354	362	16	1
686	320	702	324	28	2
477	308	490	306	51	2
635	343	651	344	28	1
2465289533_b4cb9b16a7_3054_9293387@N07.jpg
373	157	398	165	28	2
121	175	146	182	28	1
257	214	278	210	5	2
192	123	214	118	1	1
2465289903_bc1fdcbc2c_2023_9293387@N07.jpg
275	119	302	115	28	2
89	156	116	150	28	1
175	106	198	100	1	1
335	123	355	113	5	2
2466115306_6aa95a46c8_3124_9293387@N07.jpg
233	168	268	156	28	2
159	197	191	206	28	1
306	117	334	109	5	2
125	102	152	98	1	1
2466116068_f5e996d952_2036_9293387@N07.jpg
363	131	395	126	28	2
98	160	130	152	28	1
260	233	286	234	5	2
195	85	222	80	1	1
2466844064_2223170312_2341_94339831@N00.jpg
616	216	648	208	28	2
464	242	494	236	28	2
264	222	290	230	16	2
336	302	364	304	16	1
746	225	787	225	28	1
2469945219_7168581767_2294_13164403@N08.jpg
346	254	370	252	75	1
604	296	626	294	10	2
492	126	520	128	51	2
438	470	460	468	1	1
680	147	705	144	75	2
2472661304_c0fe6659a5_3169_23311726@N05.jpg
70	107	91	107	51	2
171	162	189	161	51	1
302	173	320	177	51	1
407	103	426	104	75	2
2473774322_2ac2258cf9_3272_65231640@N00.jpg
320	340	352	338	51	1
408	456	438	460	1	1
190	332	222	332	5	1
484	412	512	414	5	2
2474667615_cd7d777675_2039_30629351@N00.jpg
238	110	270	110	51	2
374	184	404	184	51	1
468	478	496	480	5	2
344	532	368	532	5	1
2474819744_7336ddf173_2048_11702427@N08.jpg
140	606	200	610	5	2
388	745	440	739	1	1
494	330	542	332	5	1
358	248	404	236	16	1
2479268307_c26ebcbde6_2064_46133331@N00.jpg
299	66	311	65	28	2
232	63	243	66	28	1
380	148	391	147	5	2
185	88	195	88	5	2
2481365883_636b65e3ca_2032_58521886@N00.jpg
119	281	135	281	5	1
266	308	282	307	5	2
119	49	137	50	51	1
223	48	240	50	51	2
2482004968_7b39d554e3_2326_22353280@N08.jpg
228	244	278	256	28	2
410	444	450	448	28	1
600	638	638	638	5	1
432	684	464	678	1	2
2484038545_0514b7de03_3051_32213359@N00.jpg
766	358	862	358	75	1
152	224	234	216	28	1
550	198	640	198	51	1
306	468	378	460	5	1
2485220902_656099ef27_3184_9995018@N05.jpg
174	312	218	308	51	1
728	190	774	180	75	2
454	158	502	156	51	2
600	266	632	268	75	1
2485687565_6bc6b4f77d_2383_26539559@N08.jpg
200	111	214	112	75	2
273	156	285	158	5	2
115	105	127	105	5	1
379	136	390	136	1	1
2487908521_bd3a8e1146_2345_44167828@N00.jpg
728	116	764	112	51	2
536	224	572	224	28	2
192	222	226	224	51	1
366	316	398	320	28	1
2490053966_b5b6c51cd8_2201_23819725@N06.jpg
880	480	928	474	28	1
166	360	214	370	28	1
322	426	356	436	5	2
612	378	638	380	51	2
810	402	843	386	51	1
737	426	760	404	51	2
2490519145_17d02a6e49_2186_80355374@N00.jpg
156	110	208	110	51	2
458	152	506	154	28	1
876	226	926	218	51	1
644	202	692	190	28	1
2492971451_b2d9535ee4_2115_13847060@N07.jpg
365	137	397	130	16	2
283	166	314	168	10	1
179	140	203	142	16	1
68	96	92	89	10	2
2494823266_96d6897f43_2188_73136663@N00.jpg
86	226	152	216	28	2
230	238	296	224	51	1
364	192	438	188	51	2
568	258	630	242	51	1
2495320976_0fb5c98083_2181_44124367235@N01.jpg
328	194	374	180	51	2
506	516	560	520	51	1
112	470	160	466	5	2
336	704	384	702	5	1
2496318226_8c4a3d0a04_3284_25187838@N04.jpg
296	94	320	98	28	2
470	206	494	204	28	2
622	230	642	230	28	1
580	364	604	364	28	1
2497666587_b84b37772f_2040_26526176@N00.jpg
122	143	131	143	28	2
156	146	168	146	28	1
201	212	212	212	10	2
201	273	211	273	5	1
2497668147_c4890f3ec1_2295_26526176@N00.jpg
173	63	186	64	28	2
259	69	272	70	28	1
322	145	334	146	5	2
218	114	230	114	5	1
2497674979_f8d8aa6cd3_2056_26526176@N00.jpg
123	139	134	140	28	2
213	217	223	218	5	2
163	148	174	147	28	1
139	276	148	277	5	1
2498492592_b701e3a035_2278_26526176@N00.jpg
89	153	101	153	28	2
171	156	183	157	28	1
223	221	234	221	5	2
137	193	148	193	5	1
2498493044_5a63309e14_2122_26526176@N00.jpg
86	156	98	156	28	2
164	158	176	159	28	1
215	221	226	222	5	2
134	194	144	195	5	1
2498501226_c39f3b951e_2112_26526176@N00.jpg
174	142	186	143	28	2
84	212	96	212	5	2
133	148	146	149	28	1
211	167	221	168	5	1
2509526253_5e943b0fb6_2044_7971834@N02.jpg
306	310	328	310	51	2
298	496	320	494	10	2
178	346	200	350	51	1
70	496	90	494	5	2
2509621281_4eb8c6c957_3287_10817676@N06.jpg
262	364	316	366	51	1
732	312	786	302	51	2
516	102	568	102	10	2
550	402	598	400	5	2
2514305549_7f523f8770_2158_9720361@N03.jpg
110	98	148	94	28	2
842	130	878	136	28	1
264	232	298	228	5	1
728	226	762	226	5	2
2517057312_bdb7cd5dd5_3244_27167543@N00.jpg
688	374	704	372	5	1
486	454	504	452	5	1
642	196	660	200	28	1
602	234	616	236	1	2
545	117	566	123	51	2
2519244567_bb2872da44_2414_25254823@N03.jpg
266	254	316	256	51	2
380	398	428	404	5	2
532	476	580	480	5	1
796	268	834	272	51	1
814	598	848	605	1	2
2519323632_0147e4ff9d_2050_64685187@N00.jpg
321	72	339	71	51	2
166	78	181	80	51	1
176	178	188	178	5	2
257	177	270	177	5	2
2519989942_c18d6d715b_3283_34204690@N00.jpg
678	336	740	330	75	2
410	312	448	308	51	1
150	360	182	362	5	2
302	82	336	88	16	1
2526490285_f36bf29fff_3166_46556310@N00.jpg
664	100	686	98	75	2
404	114	424	116	51	1
514	158	536	156	51	1
288	136	310	140	51	1
2532077861_0fa42c0a2f_2091_23542949@N00.jpg
241	74	256	77	51	2
277	87	290	89	51	1
310	202	323	205	10	2
203	102	216	102	1	1
2534424553_e1544f0c63_2145_37141994@N00.jpg
94	66	107	64	51	2
155	158	169	158	51	1
124	187	134	188	5	2
65	77	74	76	1	2
201	170	215	169	10	2
2536508520_d6440ec033_2080_17901088@N00.jpg
320	196	346	200	28	1
568	120	594	118	28	2
504	506	532	504	51	1
444	172	470	170	28	1
370	278	391	289	1	1
2537471426_27538f84c4_2039_14702768@N05.jpg
154	158	184	156	51	2
346	214	376	210	51	1
556	192	588	188	16	2
730	290	760	288	16	1
2539408486_fbbdbd14d8_3178_71957498@N00.jpg
282	188	334	190	28	2
446	316	498	312	28	1
618	378	662	378	5	1
812	384	858	384	5	1
2539534908_fbf30a04c5_2375_8514101@N04.jpg
172	182	234	180	28	1
420	228	480	232	51	1
826	286	882	288	28	1
660	202	718	198	51	2
2541784581_4ae4d6c5a2_2152_8089267@N05.jpg
121	141	148	142	28	1
348	98	374	93	28	2
275	154	298	154	5	1
195	176	214	175	1	2
2542975837_545f31671f_2172_23324812@N00.jpg
244	114	276	108	51	2
524	334	560	334	16	2
426	182	460	188	51	1
178	440	210	434	10	1
2547542588_c63d9dccf7_3277_58792024@N00.jpg
470	298	496	298	51	2
366	338	392	340	28	2
542	338	568	340	28	1
658	388	680	388	51	1
2552785828_6b4b9aa030_2130_95729631@N00.jpg
618	374	684	380	28	1
424	234	480	236	28	2
790	640	842	642	1	2
222	460	272	462	5	1
2553180988_0650ab5278_3190_41127059@N00.jpg
544	284	584	298	16	1
624	292	662	288	16	2
548	144	586	144	51	2
774	162	812	168	51	1
2553192919_588f79dc5c_2216_12465356@N06.jpg
278	348	328	352	28	2
394	160	442	158	28	1
502	398	552	402	28	1
128	632	172	628	5	2
2553364147_e60e4d68f7_2249_7944570@N07.jpg
314	112	364	114	51	2
520	142	570	140	51	1
432	362	474	358	5	1
696	296	736	296	5	2
2554187400_7af2b99526_3159_7944570@N07.jpg
692	210	742	214	51	2
390	278	440	284	51	1
294	334	336	334	5	2
594	308	640	304	5	1
2556104958_68c8757e4c_3026_55846726@N00.jpg
218	340	254	348	28	2
834	112	864	104	75	1
232	102	260	106	28	1
302	118	324	122	1	1
401	241	432	245	75	1
658	246	693	239	75	2
2556164188_77db69e4b5_3181_22174253@N05.jpg
164	84	194	82	28	2
87	177	118	177	28	1
270	255	295	254	5	2
148	296	173	297	1	2
2557516364_6bf8b9ea5b_3148_39003540@N00.jpg
650	272	674	268	51	2
388	330	412	330	51	1
456	270	476	264	51	1
594	288	614	284	51	1
2566264068_743fb83160_3149_26289279@N08.jpg
306	220	384	234	28	2
602	244	672	244	28	1
406	514	456	510	1	2
716	438	768	446	1	1
2567007582_f803c6e842_3266_50861109@N00.jpg
712	184	736	186	28	1
430	244	456	246	75	1
848	130	876	128	28	2
278	198	302	196	51	1
157	153	185	155	51	2
555	201	585	202	75	2
2567294998_84f32e76d1_3146_82536352@N00.jpg
328	173	358	174	16	1
183	289	211	288	10	2
255	149	281	144	51	2
142	165	168	159	51	1
2571015045_e99de2581a_3058_36453417@N00.jpg
400	218	452	212	16	1
160	234	212	234	16	1
612	174	662	180	16	2
770	194	822	176	51	2
2571637202_9f64c202d3_3020_75515006@N00.jpg
554	196	622	198	28	2
226	246	288	244	28	1
394	344	452	342	1	2
740	250	794	248	5	1
2572082001_bfa4f79fc4_3171_8452970@N06.jpg
190	66	214	66	28	2
417	111	438	112	28	2
284	91	307	95	28	1
44	204	66	199	28	1
2572906912_cb64aef49c_3108_8452970@N06.jpg
252	204	276	210	28	1
315	93	338	90	28	2
115	99	135	102	28	2
217	163	237	162	28	1
2572939847_098e1d649d_3166_65956381@N00.jpg
422	208	472	216	51	2
656	268	702	274	51	1
318	222	350	232	5	1
822	342	858	344	1	2
2573934179_1d682177f8_3268_39841917@N00.jpg
377	126	414	119	51	2
195	112	225	116	51	1
88	149	117	154	5	2
280	173	305	169	5	1
2575066668_fdca150798_3194_20338234@N08.jpg
338	190	368	190	16	2
254	78	280	74	51	1
486	178	514	174	51	1
158	166	190	168	51	2
2576520787_533808fa06_3040_68245613@N00.jpg
366	106	412	96	28	2
268	158	312	152	28	1
166	304	204	302	5	1
338	406	378	394	5	2
2576907242_95e12c5d17_3123_68941862@N00.jpg
636	118	668	120	51	2
350	232	384	238	5	2
452	120	484	120	51	1
562	176	594	180	5	2
2577330341_aa43608022_3106_23324812@N00.jpg
320	150	350	152	51	2
572	312	600	310	16	2
424	210	450	216	51	1
448	378	474	384	10	1
2580838716_414c9ed9b2_3282_27542591@N02.jpg
190	482	244	484	16	2
496	482	548	476	16	2
222	104	272	108	51	2
548	182	592	182	51	1
2580838750_f66cf409be_3047_27542591@N02.jpg
162	374	212	372	16	1
554	178	600	178	51	2
290	240	334	242	16	2
452	372	500	370	51	1
2589910730_66fe2392fe_3267_24462732@N06.jpg
303	179	344	178	75	2
207	92	240	101	51	2
118	163	148	171	28	1
415	194	446	194	75	1
2590349791_6a97ee6816_2086_25889667@N00.jpg
298	138	336	152	28	2
722	262	764	266	28	1
410	178	446	184	5	2
612	400	648	400	1	1
2590601182_6d5abe1207_3128_61001398@N00.jpg
732	236	772	234	75	2
228	246	266	246	75	1
458	198	492	202	28	2
556	248	586	248	1	1
2593318373_7534d0c877_3232_47664628@N00.jpg
838	422	898	428	28	1
756	332	798	322	28	1
292	318	334	316	51	1
546	220	582	220	1	2
122	227	177	225	28	2
2594307937_e829acd0c1_3116_27895920@N08.jpg
446	298	484	294	28	1
238	310	272	312	28	2
124	366	154	360	5	1
556	406	584	404	1	1
2595189457_337ae2d0aa_3130_66476625@N00.jpg
410	242	454	242	51	2
604	342	646	338	51	1
248	316	288	314	28	1
96	272	134	282	28	1
2597052300_11e43ea94b_3099_45695345@N00.jpg
206	188	258	196	51	2
390	244	444	238	16	1
628	276	682	260	51	1
826	274	878	264	28	1
2597735190_e6b329be86_3134_91956967@N00.jpg
602	388	686	416	10	1
758	234	852	234	16	1
418	402	486	416	5	2
174	188	262	216	16	1
2600508330_cce26b4149_3029_11020663@N04.jpg
198	102	222	97	51	2
75	97	102	100	51	1
41	247	61	249	1	2
253	208	273	209	5	1
2600721107_40457eabca_3122_26490663@N02.jpg
180	372	206	370	16	2
330	364	356	364	51	2
462	430	486	432	51	1
594	424	618	422	16	2
254	512	276	514	16	1
2602489180_aa75e2e86a_3126_38687437@N00.jpg
407	156	435	155	51	1
266	60	289	57	51	2
238	239	261	238	5	2
185	192	207	191	5	2
104	117	131	115	28	1
2602770656_d97c0eceae_3113_10192717@N03.jpg
504	160	524	160	51	2
782	178	800	176	28	2
360	200	378	200	28	1
664	200	682	200	51	1
236	187	256	188	16	1
2603911566_6c6b9cd327_3241_7219977@N05.jpg
140	428	186	418	51	1
476	370	524	368	51	2
182	148	224	150	28	1
380	144	414	144	28	2
2609019456_a71f54d0dd_3188_97693904@N00.jpg
186	92	212	94	51	1
710	204	734	202	75	1
444	380	470	380	75	1
580	188	602	186	75	2
365	112	392	111	51	2
2609024403_3a3d5eb297_3138_55532309@N00.jpg
384	428	408	428	16	1
316	474	338	476	28	1
560	558	582	558	10	1
176	590	196	584	10	2
210	444	231	453	28	1
2613092083_fc20f3f48c_2117_52889139@N00.jpg
456	138	484	140	28	2
380	164	406	166	28	1
550	164	574	166	5	1
338	230	356	234	1	2
2613249085_0304d061de_3008_52889139@N00.jpg
454	164	534	164	28	2
252	240	324	238	28	1
130	478	192	488	1	2
702	240	766	244	5	1
2614898688_4b9a506125_3049_7879007@N03.jpg
332	494	366	500	5	1
282	244	314	252	28	1
472	220	504	222	28	1
386	136	414	138	51	1
2616003726_663b9ae52e_3208_12368952@N06.jpg
302	230	328	230	28	2
568	242	594	244	75	2
692	316	718	316	75	1
386	342	412	344	28	1
2620128187_f92a6c4568_3265_24147178@N04.jpg
392	210	420	212	51	2
546	292	576	290	51	1
668	254	690	252	5	2
466	426	488	426	1	2
2621738627_a154af2eda_3287_87607876@N00.jpg
604	272	630	274	51	1
442	248	466	246	51	2
566	350	586	352	5	1
414	466	434	462	1	2
2622762056_aa1ed7f12f_3026_45468385@N00.jpg
294	120	318	122	28	2
498	128	518	130	16	2
734	126	756	124	75	2
588	184	610	182	75	1
449	195	472	205	28	1
338	256	352	255	1	1
2623573230_8f923d6cec_3280_21295125@N05.jpg
150	308	188	304	28	1
350	282	376	282	28	2
238	530	278	526	10	1
488	332	516	328	1	2
2625564919_75dcdca275_3260_97603019@N00.jpg
480	452	506	444	28	2
122	436	150	440	28	1
392	416	416	416	51	1
258	298	280	300	51	1
2626384880_0c3da5ebe0_3085_97603019@N00.jpg
128	316	176	318	28	1
788	318	832	304	28	2
628	260	666	260	51	1
342	98	378	100	51	1
2629175060_82464359eb_3127_25106571@N07.jpg
118	230	156	232	28	2
372	502	412	506	28	2
302	242	340	244	28	2
466	252	502	252	28	2
2630339234_fc19223289_3121_31874080@N00.jpg
714	162	762	158	75	2
414	182	460	182	28	1
214	122	260	118	51	1
554	176	600	174	51	1
2632152091_724ea79637_3045_22935615@N08.jpg
208	154	246	160	51	2
640	208	682	212	16	1
834	176	870	172	51	1
398	232	432	232	16	1
2636853661_f751ae0bc1_3001_99171494@N00.jpg
428	156	472	164	28	2
696	210	732	216	28	1
780	394	812	396	5	2
232	388	264	380	5	1
2641929177_a1e2dc81a7_3014_31825220@N00.jpg
227	124	241	120	28	2
171	118	184	120	28	1
90	67	102	66	51	2
138	89	151	91	51	1
2646001473_8f4760223c_3238_34578976@N00.jpg
154	126	162	127	51	2
199	133	207	131	51	1
186	153	193	154	10	2
229	185	237	185	5	2
358792099_e44f0679f5_165_37718678739@N01.jpg
864	134	884	138	51	2
608	160	630	158	51	1
754	328	772	324	10	2
442	370	458	370	5	2
360329802_bfbe628d72_163_93246164@N00.jpg
165	90	184	90	51	2
233	86	251	86	51	2
283	87	297	87	51	2
251	169	264	169	1	2
361787521_b3e441aa39_156_76468892@N00.jpg
189	87	201	87	28	2
190	192	200	191	16	2
121	235	131	235	10	2
131	129	142	128	51	1
362299253_f894e546c1_156_90588965@N00.jpg
317	88	343	82	28	2
135	102	163	99	28	1
195	166	220	168	5	1
236	86	258	84	5	1
271	228	286	218	1	1
364354991_5391a8a25d_98_19658945@N00.jpg
174	264	216	268	28	2
834	284	874	272	28	2
418	290	462	286	28	1
626	246	666	248	28	1
365768213_0850d57490_121_61311655@N00.jpg
396	130	430	124	28	2
194	242	228	238	51	1
786	186	820	184	51	2
568	162	600	164	28	1
366745553_c6758d661d_169_42405822@N00.jpg
378	130	397	126	51	1
293	153	313	153	75	1
73	123	91	120	75	2
193	125	211	123	51	1
369538590_a47ad7a104_166_10375311@N00.jpg
612	192	658	180	51	2
424	178	470	190	51	1
256	232	296	248	16	1
844	358	890	366	10	2
286	520	317	497	1	1
370009234_fa300b1c3f_155_27137410@N00.jpg
450	424	476	430	51	1
328	296	352	292	51	2
208	524	228	524	5	1
338	508	356	502	1	2
370494917_2993689159_140_20133427@N00.jpg
384	226	418	228	28	2
646	220	676	220	28	1
214	222	244	222	28	1
728	230	762	228	28	2
373910073_6b3285ba05_156_93481920@N00.jpg
179	88	199	90	51	1
77	83	95	84	51	2
338	101	358	99	28	1
273	108	293	106	28	1
