1000050894_5cc350a486_1369_9954378@N06.jpg
276	127	286	126	75	2
90	146	101	146	51	1
323	156	333	156	75	1
100	116	110	118	28	2
218	122	228	122	28	2
166	144	175	144	51	1
1006156658_c299a45f45_1414_9284053@N07.jpg
760	186	778	186	51	2
296	232	314	230	51	1
192	256	210	256	51	1
486	276	506	276	51	1
522	220	538	218	28	2
592	256	608	254	28	1
427	238	442	237	28	1
606	212	621	207	28	1
665	215	684	207	51	2
1007245820_f4e8a45b52_1226_10951537@N03.jpg
634	460	676	448	51	2
208	268	242	272	28	1
808	212	846	208	51	1
418	222	452	222	51	2
628	204	658	202	51	2
1007829749_0d06f59af3_1245_79421486@N00.jpg
352	486	376	490	51	2
662	420	680	416	51	1
310	392	332	390	51	1
690	336	708	340	51	1
626	372	644	372	28	1
382	316	398	320	51	2
374	385	393	387	51	1
425	288	440	292	51	2
452	295	464	297	28	1
588	322	601	317	28	1
612	309	626	308	28	2
720	471	750	468	51	2
1009414825_e9c791376c_1018_93382790@N00.jpg
432	254	454	254	75	2
424	122	446	120	5	1
100	376	122	374	10	2
246	358	268	358	10	2
650	422	670	420	10	2
514	468	533	468	5	1
1009928890_25a8c3f04f_1343_83328726@N00.jpg
232	376	252	380	28	1
336	280	358	282	28	2
676	340	696	338	28	2
180	534	204	536	1	2
452	360	472	360	28	1
746	408	766	412	1	1
302	432	312	438	1	1
1010267811_a032e7ec5e_1366_37588142@N00.jpg
652	432	670	432	51	1
252	434	272	438	28	1
206	160	226	158	51	1
706	192	722	194	28	1
558	164	572	162	28	1
418	176	434	176	51	1
748	334	762	334	5	2
328	202	344	200	5	2
390	298	408	305	5	2
399	418	418	424	28	1
300	601	315	597	5	1
473	574	494	575	5	1
528	517	547	519	5	1
734	574	754	580	5	2
853	395	869	396	1	2
1010655116_6562e44c85_1253_79546572@N00.jpg
418	186	438	190	28	2
736	144	764	140	51	2
546	192	572	194	28	1
260	228	284	228	51	1
892	194	918	194	51	1
174	207	200	214	75	2
1022063265_cf9d52ef8a_1226_10988752@N02.jpg
782	292	820	286	28	1
670	282	706	280	28	1
208	172	242	176	28	1
340	210	374	218	28	1
462	226	498	228	28	1
572	268	604	264	28	1
1022557027_4225186c33_1243_30634528@N00.jpg
136	173	150	174	28	1
266	162	280	162	28	1
70	79	83	77	51	1
182	70	194	72	51	1
280	68	292	68	51	1
350	52	362	51	51	1
421	57	431	57	51	1
348	283	366	290	16	1
1024315499_c07387e81d_1342_10990314@N05.jpg
158	286	186	288	28	2
320	256	342	260	28	2
748	292	770	288	28	1
644	268	668	266	28	2
472	206	496	206	28	2
816	233	839	232	51	2
1024524891_1bc1a45baa_1157_8975056@N05.jpg
152	318	190	320	28	2
666	418	706	414	28	1
790	352	828	348	28	2
566	292	602	284	28	2
460	398	496	396	28	1
292	386	324	378	28	1
1024602970_e1423705f6_1091_61121101@N00.jpg
319	102	331	100	5	2
249	93	260	90	28	1
235	175	246	174	5	1
181	179	194	180	5	1
183	112	196	112	28	1
1036072376_7ceb86bdb3_1146_34579818@N00.jpg
436	67	450	65	28	1
295	86	305	84	28	1
359	76	370	75	28	2
77	100	87	103	28	1
196	70	207	73	28	2
128	90	139	90	28	1
247	114	257	113	28	1
1036275489_1e19527814_1150_62334475@N00.jpg
616	454	654	452	28	1
606	346	642	342	28	1
506	178	534	180	28	1
444	386	472	382	28	1
390	346	416	344	28	1
1036339436_4de1934ec0_1184_90678392@N00.jpg
534	386	552	386	28	2
776	452	790	450	28	1
488	350	504	350	28	2
668	384	684	384	28	1
714	330	726	328	28	2
632	338	649	338	28	1
776	369	792	369	28	2
901	467	916	463	28	1
1042678788_5b543f028f_1090_10762009@N05.jpg
378	460	432	460	28	2
602	544	646	546	28	1
828	532	868	528	28	1
278	284	306	280	28	1
490	310	522	312	28	1
652	310	680	300	28	1
848	346	880	342	28	1
1046740940_9ce753d73c_1022_35468148239@N01.jpg
219	78	229	77	51	2
222	121	231	121	51	1
163	110	173	111	28	2
363	126	372	123	28	1
297	124	306	124	28	1
377	99	385	99	28	2
296	78	308	78	28	2
192	143	202	145	51	1
1047069182_002247e43f_1155_7463731@N05.jpg
388	286	414	286	28	2
254	274	284	272	28	2
346	176	368	166	28	1
498	96	520	100	28	2
712	224	736	224	28	2
602	116	628	120	28	2
614	256	636	252	28	1
451	199	473	207	28	1
546	213	566	220	28	1
1056748370_f584ae7f76_1152_10923564@N04.jpg
226	223	237	223	1	1
216	157	225	158	1	2
153	156	162	156	1	1
316	175	325	176	1	2
339	134	347	136	1	1
259	167	269	169	1	1
376	177	388	179	1	2
1062958699_d2fd91a75f_1323_8586058@N07.jpg
704	272	726	272	51	2
120	280	142	282	28	2
392	304	416	300	28	2
546	276	568	278	28	2
808	318	830	316	51	2
296	264	316	266	51	2
1063193392_f3465b5905_1061_50941114@N00.jpg
774	330	802	326	10	2
708	200	730	198	51	1
408	366	430	366	5	2
504	412	522	410	5	2
652	396	672	394	5	1
639	302	655	297	1	2
1063447693_54fbf1fae5_1375_7442558@N05.jpg
98	78	117	78	28	2
385	201	406	200	51	2
156	53	172	55	51	2
278	201	298	200	28	2
258	54	276	54	51	2
370	89	388	90	28	2
1064469075_ab92e7eb08_1341_10989571@N02.jpg
92	41	103	42	51	2
419	44	428	42	28	2
176	46	186	47	28	2
293	50	304	51	51	2
357	47	368	46	51	2
230	59	239	59	51	2
1067488862_e2f5158f67_1275_85801505@N00.jpg
176	230	194	228	75	1
404	196	420	196	51	2
698	194	712	192	51	2
638	142	652	142	51	2
486	162	500	162	51	2
288	218	302	216	51	1
205	184	221	183	51	2
557	221	574	221	51	2
777	153	794	150	51	2
817	190	836	187	51	1
1067543938_d9e69b00ac_1006_76657225@N00.jpg
392	492	420	496	28	1
702	202	722	196	28	2
464	216	488	214	28	1
288	260	308	260	28	1
386	198	408	198	28	2
600	260	624	260	28	1
573	501	597	495	28	1
676	244	700	236	28	1
1067784123_f0019c1aeb_1358_41975295@N00.jpg
852	202	896	200	28	2
724	202	756	200	28	2
564	176	586	170	28	2
478	168	502	176	28	1
131	175	168	185	28	2
245	211	277	208	28	1
348	202	375	212	28	2
1067975684_b95e0fb4f3_1151_47208242@N00.jpg
210	288	234	288	28	2
204	350	226	354	28	2
452	74	474	72	28	2
618	158	638	158	28	2
492	346	516	344	28	2
354	304	379	309	28	2
585	343	607	336	28	2
1068472641_c90bedfca8_1303_70473141@N00.jpg
389	106	410	104	28	1
251	90	266	91	28	2
98	63	114	64	28	2
203	154	222	154	28	1
156	64	173	64	28	2
103	161	122	165	28	2
315	129	333	131	28	1
1070553760_c0c0d741a4_1154_99336001@N00.jpg
343	65	354	64	28	2
176	78	186	80	28	2
246	97	256	98	28	1
383	104	393	103	28	1
296	99	305	99	28	1
104	82	114	82	28	2
248	214	260	217	28	2
1080847291_6cda1850a3_1108_60783999@N00.jpg
279	178	295	175	28	1
227	174	244	177	28	1
212	114	226	118	28	1
139	166	154	167	28	1
324	91	339	90	28	1
263	90	278	91	28	1
1084706842_cdb498fce5_1211_14336641@N00.jpg
215	77	228	77	75	2
446	176	458	177	5	1
369	157	381	158	5	1
368	66	378	67	5	2
272	84	282	84	5	1
100	209	111	206	1	2
196	161	209	162	5	2
418	170	428	170	1	1
1085024200_748f4fd47b_1362_55657287@N00.jpg
904	180	926	178	51	1
802	124	822	124	16	1
308	98	328	96	28	1
194	140	214	142	51	1
386	142	404	144	51	1
150	66	168	68	16	2
445	93	461	91	16	1
483	135	504	131	51	1
580	104	597	105	51	1
680	138	700	143	51	1
1089216795_f8864eef3d_1337_12643925@N00.jpg
270	243	288	243	28	2
223	263	236	264	28	1
356	246	370	246	28	2
381	168	394	169	28	1
165	227	178	226	51	1
245	165	257	168	28	2
278	189	291	191	28	1
1090076952_e5492fdde3_1123_12643925@N00.jpg
315	179	336	178	28	2
347	111	365	111	51	1
217	199	234	197	28	1
136	142	152	140	28	2
256	183	273	184	28	1
239	127	253	129	28	1
233	62	247	61	28	2
1090958854_9d301daa0e_1393_44241419@N00.jpg
272	264	296	266	28	2
450	276	470	270	51	1
778	266	800	264	28	2
570	306	594	306	28	1
346	312	366	316	28	1
692	316	716	318	51	1
392	348	406	348	1	2
1092576047_00705eb010_1094_11320455@N04.jpg
355	155	369	157	28	1
150	134	164	132	28	1
253	111	266	110	75	2
310	145	323	147	51	1
204	130	216	130	75	1
1093536456_c82b4929ae_1154_40629991@N00.jpg
57	121	75	120	51	1
156	137	171	139	51	2
237	179	250	180	51	1
285	129	297	129	51	2
350	150	361	149	51	1
404	153	415	155	51	1
1093537266_2e6419903a_1253_40629991@N00.jpg
166	76	179	77	51	2
249	104	261	102	51	1
90	67	103	67	51	1
381	87	391	88	51	1
287	69	297	70	51	2
333	84	342	84	51	1
1096956858_4e71a0356b_1212_8975056@N05.jpg
206	444	254	438	28	1
384	470	430	466	28	1
780	168	822	172	28	1
456	258	494	260	28	1
556	192	594	180	28	1
270	210	308	206	28	1
1100050058_08cd143fb6_1363_11327379@N05.jpg
670	448	724	442	28	1
386	454	442	460	28	1
274	444	328	444	28	1
578	538	630	534	28	1
588	324	634	316	28	1
480	308	528	316	28	1
1103706244_67fe945d3d_1284_12547658@N00.jpg
405	219	420	218	51	1
117	193	130	192	28	1
352	208	363	208	16	2
258	126	266	125	28	2
314	198	322	199	10	1
70	231	85	231	51	1
152	158	163	160	16	2
202	128	212	132	51	2
293	145	301	140	51	1
1109933384_2b8ee74ff5_1132_9479445@N03.jpg
566	182	584	184	51	2
396	224	416	226	51	1
316	254	336	254	51	1
764	236	784	230	51	2
684	252	702	254	51	1
199	242	220	244	51	2
1110443294_75df4377fc_1266_11370830@N05.jpg
190	249	205	244	28	2
115	133	128	132	28	1
136	276	149	275	28	1
350	105	363	102	28	2
162	98	174	95	28	2
293	131	304	129	28	1
253	129	264	132	28	1
1111204697_37e7094ea7_1412_35369784@N00.jpg
494	354	528	358	10	2
580	196	616	202	16	1
264	102	300	110	16	2
752	130	786	130	28	2
408	226	442	228	16	1
1111520278_64c6a84ab1_1124_72141595@N00.jpg
580	420	636	426	51	1
852	154	902	148	28	2
636	216	684	212	51	1
306	94	346	102	28	1
512	146	552	154	28	1
200	586	248	584	5	2
1112253861_7a904d0fef_1104_71377087@N00.jpg
592	396	608	390	51	1
250	298	268	298	51	2
744	310	764	310	51	2
416	328	432	328	51	1
588	290	604	288	51	2
448	300	462	298	51	1
498	322	514	322	51	1
375	270	394	270	51	2
545	305	561	305	51	1
667	361	685	356	51	1
1114170600_409cbbc745_1074_11417599@N04.jpg
470	352	508	370	28	1
756	278	794	266	28	1
288	292	328	298	28	2
630	324	664	314	51	1
574	410	606	404	1	1
1115198701_1d368cb5d4_1305_9124335@N02.jpg
650	374	672	372	16	1
404	534	424	532	51	1
730	324	750	324	28	2
370	280	388	284	28	2
250	328	266	328	16	2
436	352	452	352	16	2
172	333	193	331	16	2
485	338	503	338	16	2
532	364	548	364	28	1
603	323	623	318	51	2
1115323351_dbb68cd292_1290_11422877@N07.jpg
862	324	904	314	51	1
732	332	764	322	51	2
580	324	610	326	51	1
100	288	128	294	51	2
228	294	254	292	51	1
403	273	435	276	75	2
1115335759_d7ad7aa262_1021_11422877@N07.jpg
822	348	858	338	51	1
714	354	742	346	51	2
574	352	602	354	51	1
384	320	412	318	75	2
132	316	166	322	51	2
252	324	276	320	51	1
1116760177_ce83666542_1102_31549379@N00.jpg
58	86	77	86	28	2
327	198	346	197	5	2
230	27	248	28	28	2
182	90	199	89	28	1
250	187	266	188	10	1
315	83	331	81	16	2
125	45	141	43	28	1
361	163	380	165	10	2
1117694167_7801aeb465_1138_59002852@N00.jpg
512	178	528	174	51	2
348	208	364	208	16	1
718	170	734	170	51	2
648	216	660	214	51	1
286	228	302	226	16	1
442	206	458	204	16	1
208	212	224	212	51	1
355	291	372	289	10	2
420	363	434	368	5	1
557	212	572	212	51	1
764	224	782	224	16	2
1123613405_e969cf22cc_1308_46286485@N00.jpg
202	396	232	404	51	2
304	320	324	324	51	2
702	380	724	378	51	1
404	330	420	332	51	1
496	276	510	278	51	2
441	298	455	302	51	1
1124753138_d5ac6229c2_1146_10707019@N03.jpg
296	188	318	196	51	1
720	274	748	274	51	1
814	220	842	214	51	1
616	320	642	320	51	1
552	228	574	228	51	1
526	322	552	324	51	1
444	210	468	208	51	1
382	222	401	233	51	1
1129423319_666ba78ec2_1138_10698809@N00.jpg
311	118	327	116	51	1
402	109	418	111	51	1
222	115	237	114	75	2
100	123	115	125	28	1
143	96	159	97	51	1
1135854022_3958ba0045_1427_27144634@N00.jpg
148	157	155	158	28	1
284	153	294	155	51	1
101	163	111	162	28	1
224	165	234	165	16	1
197	192	204	193	1	1
342	133	354	136	28	2
402	147	410	144	51	1
1140190680_585391f389_1351_40648422@N00.jpg
324	218	342	218	51	2
208	234	228	232	51	2
568	260	584	262	51	2
276	268	294	268	51	1
444	302	462	302	51	1
540	308	558	306	28	1
356	278	374	278	28	1
664	224	682	219	51	2
1140723005_409d951ba7_1340_30671678@N00.jpg
260	154	298	160	28	2
572	214	604	212	28	2
418	278	452	278	28	1
708	246	744	242	28	1
168	560	204	558	5	2
690	508	727	516	5	2
1141997652_226262479d_1332_73827083@N00.jpg
528	358	548	356	51	2
792	294	814	296	51	2
316	360	336	364	51	2
456	134	474	136	28	2
742	136	758	136	28	2
646	328	662	326	51	2
544	136	556	138	28	2
143	78	167	83	51	2
272	97	291	102	51	2
887	137	906	137	51	2
1143993494_1ac8cb87c0_1307_51035616474@N01.jpg
67	178	87	175	28	2
403	194	423	193	51	1
400	124	412	124	51	1
200	142	212	143	51	1
343	127	355	126	51	2
126	142	140	145	51	2
1148309157_40d2dde6e7_1073_22255377@N00.jpg
452	164	473	162	51	2
37	157	53	156	51	2
370	160	381	161	28	2
102	132	109	131	28	2
80	154	90	152	28	1
309	125	316	124	51	2
170	131	177	132	51	2
241	122	248	123	51	2
291	126	298	125	51	1
1148699550_8aa894d587_1192_11607885@N02.jpg
818	360	854	358	28	2
276	328	306	328	28	2
724	318	748	320	28	2
336	282	356	284	28	2
648	268	670	272	28	2
436	208	458	210	28	2
536	238	554	236	28	2
140	317	172	317	28	2
1150164279_635a5cf616_1240_15495712@N00.jpg
710	326	738	330	28	2
308	312	340	304	28	2
510	328	544	320	28	1
440	288	472	284	28	1
154	320	184	320	28	1
1151015304_55dd674082_1039_15495712@N00.jpg
678	254	720	242	28	2
618	404	650	398	28	2
548	240	582	230	28	2
498	394	532	390	28	1
402	210	434	210	28	1
402	342	434	346	28	1
198	372	230	368	28	1
486	168	518	167	28	2
1151732669_f7a7a394c0_1212_82355343@N00.jpg
267	229	285	229	5	2
352	132	370	132	16	1
59	142	77	141	16	2
267	121	283	121	16	1
186	137	204	139	16	1
125	110	141	110	16	2
1151796827_38711ed431_1069_22962125@N00.jpg
208	218	244	218	28	2
400	238	430	238	28	2
538	258	568	260	28	1
762	248	792	246	28	1
654	224	682	220	28	2
1152182265_7b24f9bd02_1402_11661309@N06.jpg
403	119	417	118	28	1
337	120	349	117	28	2
172	75	185	76	51	2
103	91	115	91	51	1
138	125	151	125	51	1
217	102	228	101	51	1
267	113	278	112	51	2
1152833688_d624a970a0_1317_8843922@N03.jpg
430	214	458	216	28	2
490	290	522	286	28	2
536	192	560	184	28	2
696	178	722	172	28	2
354	298	382	302	28	1
1154500200_a0f582ba4e_1376_27215595@N00.jpg
94	73	114	70	28	1
419	96	435	93	28	1
192	58	208	58	51	1
262	87	279	86	28	1
336	106	352	100	28	1
1156647021_8a932c54eb_1229_87989762@N00.jpg
814	178	850	178	51	2
678	178	716	180	28	2
210	186	244	188	28	2
314	160	348	160	28	1
524	218	554	216	28	1
396	172	428	168	28	2
1162805850_6c16495c1e_1207_79036853@N00.jpg
395	148	404	148	51	1
68	142	78	142	28	2
299	148	308	149	28	1
259	143	269	142	28	1
132	146	141	145	51	1
182	145	192	144	51	1
1166811405_268df8e959_1209_29861330@N00.jpg
810	234	838	236	51	1
362	162	386	160	75	2
150	196	174	198	75	1
582	170	606	168	28	1
686	160	718	158	51	1
466	156	492	152	28	1
240	170	266	168	51	1
1171752704_fdd20d56fe_1411_9116768@N08.jpg
610	268	640	270	51	1
226	240	260	236	51	1
328	166	362	164	28	1
716	220	746	216	51	1
508	240	538	242	28	1
584	166	612	166	28	1
630	71	660	78	51	2
1174277945_59b3a8e183_1323_85869935@N00.jpg
61	125	73	121	51	1
192	188	207	186	51	1
265	240	277	240	5	1
177	71	188	72	28	1
398	144	408	144	51	2
262	52	275	52	28	2
362	184	377	190	28	2
160	256	170	250	1	2
334	257	341	257	1	2
1174894551_b79734730b_1209_88143672@N00.jpg
396	224	424	222	28	2
620	156	646	158	28	1
520	122	544	124	28	1
332	158	354	160	28	1
458	202	482	208	28	1
715	133	740	124	28	2
261	148	283	155	28	2
1176633608_3ddd75e409_1201_8354045@N03.jpg
828	348	874	346	28	1
496	274	528	270	28	1
324	268	350	266	28	1
400	276	424	272	28	1
80	238	92	244	28	2
150	248	168	246	28	2
216	254	234	254	28	1
264	264	285	266	28	1
604	285	637	275	28	1
1179968028_71baab2512_1278_11775638@N04.jpg
422	74	458	68	51	2
880	136	908	140	51	1
722	82	752	82	51	2
270	84	298	82	28	2
116	104	144	104	28	1
492	184	518	182	28	1
592	174	614	172	1	2
1181217172_5ad86402af_1132_86016366@N00.jpg
98	378	126	378	28	2
708	394	742	390	28	2
354	378	388	382	28	2
624	260	654	258	28	2
446	278	470	276	28	2
806	286	832	284	28	2
214	234	244	249	28	2
871	451	918	452	28	2
1183934534_b2e95e702f_1206_34864969@N00.jpg
438	228	456	232	28	1
192	142	214	142	28	2
664	180	686	178	28	2
794	140	816	134	28	2
308	224	328	226	28	1
576	212	598	214	28	1
1186778145_f3cdb54457_1228_11360143@N03.jpg
538	216	560	212	28	2
340	174	364	174	28	2
716	112	738	112	28	2
450	176	472	178	28	2
546	108	564	104	28	2
1187636256_9b7e54ad22_1063_11360143@N03.jpg
364	104	390	104	28	2
712	258	740	258	28	1
240	132	268	134	28	2
638	216	664	214	28	1
550	112	576	114	28	2
732	152	756	152	28	1
1188597161_f7b85130e0_1415_11762677@N02.jpg
880	376	924	374	16	1
158	324	202	328	16	1
784	390	822	384	16	1
322	394	350	404	16	1
684	384	712	388	16	1
528	392	552	394	16	1
1194200962_c64e4cfaf1_1158_9229023@N07.jpg
348	133	363	128	28	2
420	112	438	110	28	2
257	115	272	113	28	2
291	151	306	148	28	1
216	138	232	136	28	1
89	112	104	113	28	2
173	144	188	142	28	1
1195091894_4e53e53c4c_1425_11928508@N08.jpg
141	91	151	92	28	2
209	102	219	101	28	2
330	100	340	99	28	1
284	128	293	128	28	1
312	87	322	86	28	2
251	96	260	96	28	2
1195969385_e8d89a7578_1207_7677868@N06.jpg
228	167	241	168	28	2
128	137	140	134	28	2
268	168	280	167	28	2
267	115	279	116	28	2
322	147	334	146	28	2
180	126	192	126	28	2
208	126	220	128	28	2
1198714636_01d65a24f4_1368_56144857@N00.jpg
46	113	65	110	51	1
249	142	266	140	51	1
322	90	338	88	51	2
160	126	173	125	51	1
218	115	234	114	51	2
112	97	124	99	51	2
363	142	383	137	75	1
1199832845_c8824389d3_1107_42241660@N00.jpg
824	328	848	322	28	2
350	310	370	310	28	2
432	312	456	310	28	2
534	336	554	338	28	1
694	336	716	338	28	1
234	346	252	346	28	1
1201080717_ca62823b68_1074_29619732@N00.jpg
492	336	526	336	28	1
418	144	448	148	28	2
352	238	386	234	28	1
566	362	602	362	28	1
720	354	750	356	28	1
542	160	574	162	28	2
650	206	674	204	28	1
1201397278_4b52535a16_1267_9031245@N06.jpg
441	118	457	117	51	2
62	131	78	132	28	2
181	138	195	136	51	1
250	116	263	115	51	2
375	117	389	117	51	2
136	131	150	132	51	2
315	140	328	141	51	1
1207518231_2693338e54_1290_76456155@N00.jpg
404	133	412	135	51	2
336	130	346	130	51	2
261	136	268	135	75	2
78	133	87	132	51	1
143	136	152	137	51	1
202	140	211	140	75	1
1207521575_082e5aa1d3_1329_76456155@N00.jpg
235	115	244	113	75	2
87	103	97	107	75	2
150	110	160	111	75	2
380	124	390	124	75	2
318	133	325	132	75	1
1207968994_6d173f014c_1041_83547826@N00.jpg
854	336	884	336	28	2
798	196	820	194	28	1
390	334	414	336	28	1
542	130	560	126	75	2
780	306	804	306	5	2
258	230	276	230	51	2
838	196	854	194	5	2
188	169	207	180	51	1
378	239	396	238	75	1
649	270	670	265	75	1
446	414	465	413	1	2
1208332329_6128f714f5_1268_9819869@N07.jpg
700	476	722	472	28	2
500	486	524	484	51	2
602	438	622	440	28	1
416	464	436	468	51	1
502	584	520	582	1	1
1212292135_435ab34a00_1034_11960276@N04.jpg
380	128	389	127	28	1
123	99	134	99	28	1
272	94	282	94	28	2
184	162	194	163	10	2
330	117	339	116	51	1
169	87	182	87	51	2
236	97	242	97	28	1
1215290569_766f422eed_1299_14188399@N00.jpg
592	290	614	290	28	1
694	248	714	248	28	2
504	290	528	294	28	1
238	308	260	306	51	1
286	218	304	218	28	2
404	224	420	226	28	1
476	232	494	232	28	1
367	305	393	307	28	1
1220055460_abddcac2b7_1248_66997502@N00.jpg
694	378	752	368	51	1
498	424	556	420	28	1
280	346	334	342	28	1
402	252	452	250	28	1
750	154	800	156	28	2
636	174	678	170	28	1
284	114	314	112	28	1
1224556131_19896ed799_1306_67674669@N00.jpg
694	230	718	228	28	2
520	288	546	288	51	2
480	230	500	230	51	2
234	252	256	252	51	2
374	246	396	246	51	2
628	220	646	220	51	2
324	228	344	226	51	2
176	204	198	203	51	2
1226213685_c6aa4d1f86_1039_11761488@N07.jpg
844	296	874	288	28	2
736	262	764	266	28	2
444	208	468	212	28	2
142	220	170	220	51	2
542	228	568	220	28	2
638	260	660	252	28	2
314	248	336	250	28	2
1226226111_d3b52facc9_1102_25896208@N00.jpg
340	230	376	230	28	2
474	272	504	278	28	2
766	258	792	250	28	2
142	268	176	266	28	2
624	272	644	278	28	2
1232004094_0dea1b8b66_1264_23571774@N00.jpg
820	248	852	240	28	2
136	252	170	256	28	1
704	226	732	212	28	2
602	186	626	184	28	2
408	172	430	178	28	2
324	246	348	248	28	1
220	250	246	263	28	1
350	191	374	198	28	1
1232240865_4d2d2e1843_1060_9521616@N08.jpg
192	296	218	294	51	1
700	226	724	226	51	2
394	298	416	296	51	1
604	270	624	272	51	1
494	264	512	264	51	1
288	270	308	268	51	1
736	296	752	294	51	1
1234686445_18da1620bd_1255_90178064@N00.jpg
133	83	144	83	28	1
386	70	397	67	28	2
201	87	212	88	28	1
256	96	267	97	28	1
302	95	312	96	28	1
223	68	232	67	28	2
348	94	355	94	28	2
1236761098_593666b9cb_1131_12176561@N06.jpg
258	146	282	148	28	2
760	320	786	310	28	2
398	296	426	298	28	2
632	132	658	130	28	2
530	152	552	156	28	1
382	186	402	186	28	1
1241021721_40d8ef16a8_1397_12157824@N05.jpg
336	162	359	162	28	1
135	211	157	208	51	1
251	99	270	100	28	1
330	63	347	64	28	1
224	45	239	44	28	1
157	58	173	58	51	1
1241321071_ac832b7f2b_1055_9898036@N06.jpg
59	158	80	163	28	2
316	146	334	147	28	1
223	148	240	150	28	2
115	176	133	172	28	1
374	150	390	147	28	2
270	114	286	116	28	2
162	125	180	123	28	1
1241680734_5b618b8b50_1084_8395014@N08.jpg
296	374	336	368	5	1
602	320	638	320	5	2
168	422	202	422	5	1
446	268	482	270	5	2
802	332	836	334	5	2
1243432458_beee543e40_1396_9302026@N08.jpg
890	358	920	364	28	2
678	352	702	350	28	2
158	368	178	368	51	2
384	362	406	362	51	1
488	352	508	354	28	1
1244165888_26b82bc3f0_1268_73439432@N00.jpg
570	266	590	264	51	1
292	286	314	286	28	1
230	154	250	154	28	2
440	158	460	158	51	2
416	288	436	288	51	1
676	286	696	282	16	1
166	288	186	290	28	1
1244759553_14d713c1fe_1360_28927228@N00.jpg
256	276	288	278	28	2
170	340	204	334	28	1
630	330	660	326	28	2
508	398	538	396	28	1
362	388	392	382	28	1
774	334	798	334	28	1
1244765769_c8ce175a6b_1208_28927228@N00.jpg
184	372	216	368	28	1
284	310	316	312	28	2
652	370	684	368	28	2
520	428	550	426	28	1
786	366	814	364	28	1
382	420	410	414	28	1
1244959824_94956ec34b_1149_87652302@N00.jpg
642	312	666	310	28	1
370	330	394	326	28	1
780	336	804	336	51	1
510	328	536	330	51	1
742	564	762	560	10	1
510	614	532	612	5	2
161	286	190	283	28	2
1247689095_984ab65792_1032_31623674@N00.jpg
208	216	236	224	28	2
788	228	820	224	28	2
440	204	466	200	28	2
658	264	682	260	28	1
338	214	364	216	28	2
590	174	612	174	51	2
740	216	760	212	28	2
1250521769_15476200d0_1204_35834626@N00.jpg
428	274	452	272	51	1
684	214	706	212	28	1
500	218	520	218	28	1
600	212	620	210	28	1
360	200	382	200	28	1
432	190	452	190	28	1
1251001544_b8eb9f8704_1193_61475273@N00.jpg
359	235	378	233	28	2
233	217	247	218	28	2
285	233	301	233	28	2
184	137	198	138	28	2
65	162	76	162	28	1
142	157	153	158	28	2
1251002694_374e1a64c1_1238_61475273@N00.jpg
453	204	471	204	28	2
380	222	394	220	28	2
72	219	86	219	28	2
155	222	168	222	28	2
242	232	255	233	28	1
302	250	315	250	28	1
1254318929_2297569076_1174_20097074@N00.jpg
774	104	798	100	28	2
594	92	618	88	28	2
436	214	456	214	28	1
168	186	190	186	28	1
288	192	310	194	28	2
1254373153_d6ab48338b_1018_43301585@N00.jpg
64	338	102	338	28	1
180	278	212	278	28	2
894	354	936	354	28	1
550	344	582	352	28	1
406	242	440	234	28	2
704	266	736	266	28	2
1256604536_8243cf7deb_1427_36037124@N00.jpg
196	178	220	178	51	2
370	102	392	102	28	2
674	172	692	170	51	1
802	216	824	220	28	1
518	176	540	174	51	1
594	288	614	288	10	2
1261230188_52effc0b8b_1022_82049168@N00.jpg
222	278	242	278	16	2
640	144	658	144	16	1
506	182	526	182	16	1
370	308	390	306	16	1
632	316	652	318	16	1
332	146	350	146	16	1
201	138	223	137	16	1
751	159	769	154	16	1
765	253	788	253	16	2
515	299	536	299	16	1
1262126744_6e3db1e6b9_1188_94955955@N00.jpg
217	146	227	147	51	2
91	159	101	159	51	2
348	156	357	156	51	2
55	161	64	164	51	1
277	176	285	177	51	1
153	165	161	164	51	1
379	166	388	166	51	1
1262791761_d61432a0fc_1137_7729642@N05.jpg
154	404	216	402	28	2
916	108	968	92	28	2
204	162	246	168	28	2
406	342	446	348	51	1
452	158	486	162	28	2
598	258	636	254	28	1
786	184	820	169	28	2
1270583545_3c34c3aab6_1369_46651577@N00.jpg
758	366	788	360	28	2
320	282	342	292	28	1
568	414	596	414	28	1
440	300	464	304	28	2
648	272	670	270	28	1
512	218	532	226	51	1
620	206	640	204	51	1
271	111	296	121	28	2
393	198	417	206	51	2
1271597235_092c9f7e7d_1299_12373494@N04.jpg
126	284	172	284	51	1
782	298	826	296	51	1
428	258	472	260	51	1
636	162	672	164	51	2
222	172	258	170	51	2
1273147858_c7a8a4b0ce_1346_7662092@N03.jpg
349	129	380	121	28	2
125	165	150	167	28	2
279	222	303	218	28	1
215	167	241	168	28	1
1275916154_eed43d1cf3_1130_95396592@N00.jpg
554	266	578	260	28	2
496	290	520	292	28	1
630	296	650	292	28	1
416	400	434	392	28	1
710	260	732	256	28	2
296	366	316	364	28	1
356	316	373	304	28	2
1276918713_4192fd7d9b_1107_9759189@N02.jpg
335	221	353	221	28	1
20	216	36	217	28	1
302	216	316	213	28	1
255	195	266	195	28	1
107	198	117	199	28	1
220	182	230	180	28	1
174	175	183	174	28	1
82	200	93	204	28	1
1279088844_0b776fd961_1368_12402772@N08.jpg
450	276	468	276	28	2
352	292	370	294	28	1
596	268	612	268	51	1
664	272	680	270	28	1
772	284	788	282	51	1
534	292	548	292	28	1
558	410	574	410	5	2
1285528681_e60f792003_1172_40601894@N00.jpg
172	212	198	212	28	2
292	324	320	326	28	1
746	206	770	206	28	2
470	242	492	240	51	2
602	264	628	264	28	1
442	444	468	444	51	1
1286932116_e021dcd841_1115_7819161@N03.jpg
490	190	508	188	28	2
744	214	764	212	28	2
284	206	302	206	28	2
842	222	860	222	28	1
382	226	398	228	28	1
583	248	604	247	28	1
1288684888_b4a6ecaedb_1225_25248465@N00.jpg
342	175	362	172	28	1
73	142	92	145	28	2
439	147	458	146	28	2
262	179	279	176	28	1
298	143	312	145	28	2
106	178	121	178	28	1
224	210	237	213	28	1
197	134	211	134	28	2
1293228553_44e1a71f9f_1128_55538529@N00.jpg
786	380	816	378	28	1
210	372	240	376	28	1
876	414	908	410	28	1
616	356	638	356	28	1
340	344	364	352	28	1
696	344	720	344	28	1
293	355	313	360	28	1
1293625255_827dd1bec7_1330_72119121@N00.jpg
682	186	702	178	28	1
322	122	346	122	51	2
460	148	482	148	51	1
574	154	596	150	28	2
784	184	802	186	5	1
1302520982_3b3383ef04_1170_12471866@N07.jpg
844	350	886	352	28	2
216	362	254	360	28	1
324	340	348	346	28	1
750	336	780	332	28	2
436	300	460	300	28	1
588	299	608	301	10	2
665	331	684	315	28	2
1304266880_8fc74a533b_1190_10604540@N03.jpg
207	182	225	176	51	1
136	154	154	157	28	1
423	135	440	133	51	2
394	147	410	147	51	1
276	159	292	158	28	1
102	117	119	130	51	2
1304837515_f8647a529b_1341_65578465@N00.jpg
262	282	292	284	51	1
200	344	228	342	51	1
348	356	374	354	51	1
788	278	814	274	51	1
608	258	632	258	28	1
428	302	454	304	28	1
1305384188_22bfd3e56c_1080_8657098@N08.jpg
772	214	788	214	51	2
688	234	706	234	51	1
254	208	268	208	51	2
334	208	348	208	51	2
508	236	522	236	51	1
425	240	440	241	51	1
600	215	615	214	75	2
1307581778_dccd87a843_1062_56638827@N00.jpg
56	310	80	316	51	2
146	328	168	332	51	1
252	354	272	354	51	1
424	342	444	342	51	1
494	346	514	346	51	1
1307606875_b8a1c8524c_1010_24373312@N00.jpg
844	308	880	304	51	2
346	318	378	318	28	1
216	264	248	264	28	2
608	464	638	458	28	1
460	278	484	286	51	1
694	378	722	360	28	2
1309602673_1c552a7e09_1049_69623171@N00.jpg
358	194	382	196	28	2
176	214	204	212	28	2
520	178	546	180	28	2
618	186	642	186	28	2
756	198	776	194	28	2
702	182	722	186	28	2
1310438618_f9cdb1d5aa_1092_85511080@N00.jpg
232	258	258	254	51	2
590	232	614	236	51	2
342	294	366	298	51	1
490	294	512	288	28	1
684	252	706	252	51	1
427	271	452	282	51	2
746	250	771	240	51	2
1312174571_7f309ac0ca_1039_25916960@N00.jpg
374	168	400	172	28	2
672	150	700	148	28	2
228	210	254	210	28	1
516	194	538	200	28	1
588	200	612	202	51	1
1312328986_37e51398b5_1096_12599592@N04.jpg
156	196	168	196	28	2
276	210	287	210	28	2
338	201	349	201	28	2
202	184	211	185	28	2
236	214	246	213	28	2
1314874304_71ecd14ce8_1258_25916960@N00.jpg
808	260	846	246	28	2
300	222	334	228	28	1
466	174	492	180	51	1
550	186	572	190	51	1
690	214	712	212	28	1
229	317	266	343	28	2
1315277902_d455bb1f7b_1003_62579590@N00.jpg
259	54	269	54	51	2
335	68	344	68	51	2
63	54	74	53	51	2
173	65	183	65	51	2
423	48	433	47	51	2
1315950149_4be38c4cef_1278_46189795@N00.jpg
452	752	486	750	51	1
208	546	238	552	28	2
510	404	536	400	28	2
392	454	418	452	51	1
300	478	326	474	28	1
1317008770_7459551003_1366_13354062@N00.jpg
676	356	708	356	28	2
400	362	434	366	28	2
322	208	352	210	51	2
768	260	798	258	28	1
644	140	674	144	51	2
582	280	610	280	28	1
542	384	574	380	28	1
1317536529_c7322044c5_1106_26571785@N00.jpg
848	242	886	242	51	2
368	180	400	184	51	2
594	120	628	118	51	2
732	282	766	282	51	1
486	296	516	296	28	1
231	199	259	216	28	2
1320806783_cd11909f58_1286_12151266@N08.jpg
640	324	676	322	28	2
254	414	284	406	28	1
716	230	742	232	28	1
532	216	558	216	28	2
428	256	456	256	28	2
285	297	310	295	28	1
372	335	406	334	28	1
500	367	534	364	28	1
722	487	752	475	28	1
1321745202_c3c02cd80c_1329_44805632@N00.jpg
296	214	332	214	28	2
714	218	756	216	28	2
434	346	474	352	28	1
180	308	220	300	28	1
574	190	610	186	28	2
1332852207_a265c1fca8_1036_12262808@N02.jpg
740	336	774	330	51	2
418	332	448	326	28	2
142	320	174	318	28	2
592	370	620	360	51	1
284	372	312	370	51	1
1337069316_6c2bd0d9ef_1056_11454088@N07.jpg
640	380	680	370	51	2
488	432	524	434	51	2
442	266	468	268	51	1
668	258	698	256	51	1
558	272	586	264	51	1
351	276	381	290	51	1
1341003933_a7ca8c3dcb_1108_7455761@N02.jpg
572	376	604	370	51	1
124	278	154	286	51	2
860	292	892	290	51	2
692	284	726	288	51	2
478	298	510	298	51	1
314	274	340	278	51	2
1341890712_38e1112f0d_1227_7455761@N02.jpg
98	262	134	264	51	2
880	190	914	186	51	2
674	308	708	300	51	1
336	314	366	318	51	2
528	260	564	258	51	2
1344411558_7f0337c9b1_1331_49798735@N00.jpg
184	294	206	292	28	1
170	190	190	192	51	1
884	270	904	268	28	1
426	334	448	336	28	1
646	242	666	242	28	1
750	274	770	274	28	1
542	330	560	330	28	1
1344801665_33a5341631_1304_12668145@N08.jpg
198	268	224	266	28	2
674	346	702	346	28	2
546	326	570	330	28	2
376	314	400	314	28	1
618	242	640	238	28	2
776	288	800	288	28	2
842	356	868	358	28	1
435	278	455	283	28	2
1345353822_f91a698693_1315_12530314@N02.jpg
792	336	818	338	75	2
646	166	672	168	51	1
582	362	608	364	75	1
174	316	198	312	51	1
284	188	310	190	51	1
375	310	404	312	75	2
1347007006_94b525207b_1035_78233635@N00.jpg
162	344	190	346	75	1
378	300	406	296	51	2
572	358	602	356	51	1
270	320	296	318	28	2
570	220	598	214	51	1
414	96	434	92	51	2
719	313	745	304	28	1
1349082410_33ad7e755d_1059_12735864@N03.jpg
764	266	824	256	28	1
508	264	558	272	51	1
350	318	390	318	51	2
224	304	250	302	28	2
100	290	126	294	51	2
624	300	669	276	28	1
1350409641_f2259c41a5_1108_69771821@N00.jpg
310	104	338	108	16	1
878	128	904	126	51	1
190	126	214	132	16	1
606	158	632	158	16	1
470	120	494	118	16	1
722	168	748	168	16	1
1351258724_7c76ad7eed_1262_88037952@N00.jpg
344	420	372	420	28	1
450	380	474	380	28	2
686	376	712	374	28	1
584	360	606	364	28	1
676	276	698	276	28	2
480	302	500	304	28	1
602	284	624	290	28	2
365	312	390	307	28	2
1351448370_bb345036a6_1215_69771821@N00.jpg
366	214	390	216	28	1
838	204	860	198	28	1
134	208	156	212	28	1
254	194	278	198	28	1
740	200	764	198	28	1
590	174	612	172	28	1
488	200	512	202	28	1
1354156088_fead709c1f_1293_21843186@N00.jpg
153	146	164	147	28	2
394	150	405	148	28	2
269	157	278	157	28	2
322	165	330	163	28	2
283	129	291	128	28	1
89	142	99	145	28	2
218	108	227	113	28	1
1358900060_83b6b9893e_1259_34163907@N00.jpg
69	170	89	170	51	1
393	182	411	180	28	1
126	142	140	146	28	2
349	162	361	159	28	2
297	165	309	164	28	1
1362051002_44f59a8b05_1152_13987147@N00.jpg
360	378	380	376	28	2
274	140	294	142	28	1
670	390	692	386	28	1
216	402	236	400	28	1
558	366	582	368	28	1
478	120	498	120	28	2
350	142	368	142	28	1
622	155	641	160	28	1
706	157	722	151	28	2
1365411300_588ea0ca05_1400_67903998@N00.jpg
88	186	104	184	51	1
427	200	440	200	28	1
232	163	245	162	28	2
140	168	152	172	28	1
329	165	341	164	28	1
1367334329_8d200bee50_1055_82364744@N00.jpg
219	222	246	226	28	1
424	173	452	172	28	1
97	95	121	98	28	2
198	111	217	113	28	2
343	158	361	154	51	1
296	161	314	156	28	1
1371861349_e40d5882bd_1084_92727063@N00.jpg
350	514	374	514	28	2
658	542	684	538	28	2
124	292	150	292	28	2
476	528	500	526	28	2
588	280	608	278	28	1
468	298	490	292	28	2
362	260	380	262	28	2
224	254	242	254	28	2
396	465	416	458	28	2
787	298	812	299	28	2
900	282	924	285	28	2
1374086130_bce9013bf2_1041_13464573@N07.jpg
194	198	214	197	28	1
309	187	328	184	28	1
38	86	54	84	28	2
270	83	286	79	28	2
158	131	173	133	28	1
232	97	248	99	28	2
193	78	207	79	28	1
315	97	332	88	28	2
1375951800_b5ff4cec76_1213_8115146@N04.jpg
168	130	177	130	51	1
272	123	281	124	51	2
339	126	347	127	75	2
213	130	223	129	51	1
295	158	303	155	10	1
252	128	259	128	5	2
1376132354_eb78999786_1083_12371205@N02.jpg
368	210	392	210	51	1
298	152	322	152	28	2
552	176	574	178	51	2
438	218	462	218	51	1
648	220	670	222	28	1
664	108	684	110	28	2
1383847871_a2ec0bb28a_1306_13568996@N04.jpg
146	110	156	111	28	2
438	97	449	97	28	2
224	107	235	108	51	1
283	113	293	112	51	2
55	120	66	119	28	1
355	103	366	104	28	2
1384776700_9d9503e0f9_1140_11474333@N05.jpg
284	210	295	210	51	1
207	176	217	176	51	2
173	206	183	207	28	1
118	206	129	204	28	1
234	206	245	206	28	1
321	199	329	191	51	1
1386128425_dca85c8653_1012_8861680@N08.jpg
914	256	938	254	28	2
178	420	202	420	28	2
116	226	136	230	28	2
616	404	640	406	28	2
386	400	408	398	28	2
300	216	318	216	28	2
730	254	750	254	28	2
443	217	464	215	28	2
586	233	608	233	28	2
812	403	837	402	28	2
1386167287_d1d66c43ec_1313_9479445@N03.jpg
740	256	764	254	28	2
250	340	274	340	51	1
632	338	654	336	51	1
350	348	374	352	51	2
534	256	556	256	51	2
447	364	469	358	51	1
1386551943_25fae0030a_1159_13498452@N00.jpg
426	116	439	114	28	2
188	142	201	143	28	2
276	130	287	130	51	2
340	138	351	138	28	1
239	160	251	158	28	1
163	172	176	171	28	1
307	158	318	157	28	1
84	131	95	137	28	2
1386588101_bddd4bc696_1106_65955848@N00.jpg
834	288	862	278	51	2
588	238	614	242	51	2
394	244	418	248	51	2
726	244	748	244	51	2
188	258	212	262	51	2
498	300	518	298	28	1
1386642155_eb859d2dfd_1395_77936884@N00.jpg
240	215	265	213	28	1
292	158	315	161	28	1
171	104	192	106	28	2
128	171	149	168	51	1
213	130	234	128	28	1
1387987478_d623edae17_1326_49906406@N00.jpg
450	155	468	151	28	1
390	150	406	148	28	1
219	129	233	132	28	2
163	150	176	155	28	2
347	147	360	145	28	1
310	154	324	151	28	1
115	169	130	174	28	2
64	150	81	159	28	2
1387989102_fbbc3aeff3_1061_49906406@N00.jpg
318	133	334	134	28	2
149	124	164	123	28	2
396	146	410	144	28	1
196	125	210	126	28	2
89	115	103	115	28	2
240	134	255	135	28	1
1388656561_1337ae58dd_1167_74869691@N00.jpg
184	31	194	30	28	2
222	41	231	40	28	1
137	27	146	29	28	2
78	51	89	52	28	1
254	43	263	41	28	1
295	49	305	49	28	1
1389553118_43a6f841c3_1138_74869691@N00.jpg
122	41	130	43	28	1
195	48	203	47	28	2
158	54	166	55	28	1
248	57	256	57	51	1
276	67	284	66	51	1
1390606677_845a0609f4_1211_12229214@N02.jpg
438	552	472	556	51	2
516	174	538	172	51	2
616	160	638	162	28	1
396	198	420	198	51	1
658	454	682	452	28	1
710	214	736	214	51	1
259	188	282	202	28	1
1391832226_165fd7c877_1407_12806427@N06.jpg
289	278	303	277	28	1
130	109	142	110	51	2
283	114	294	115	28	2
213	75	224	75	28	1
360	117	371	116	28	1
225	271	236	274	28	1
319	80	328	79	51	2
1391833580_5eebc93987_1023_12806427@N06.jpg
184	260	199	259	28	2
139	143	155	143	28	2
274	163	289	164	28	1
282	84	295	85	28	1
200	112	214	114	28	1
91	162	104	166	28	1
100	109	114	110	28	2
1392964635_d29c7e76a5_1084_92855777@N00.jpg
380	88	396	88	51	2
242	83	257	83	51	2
95	114	111	116	28	2
153	117	168	117	51	1
296	121	311	123	51	1
1394411927_b05ff8db95_1143_8179439@N03.jpg
346	150	366	149	28	2
64	173	79	172	28	2
270	193	286	194	28	2
109	138	122	140	28	2
152	172	166	174	28	2
232	146	244	147	28	2
210	184	223	181	28	2
1394795170_6e7eacdb1d_1265_44424738@N00.jpg
586	496	610	494	28	1
380	174	402	176	51	2
532	106	552	106	51	2
316	460	338	458	28	1
164	188	182	190	28	2
248	238	268	236	51	2
636	266	654	266	51	2
778	283	797	280	51	2
1396186653_aa7bf3b063_1406_58116980@N00.jpg
812	334	848	330	28	2
720	396	748	390	28	1
162	314	192	314	51	2
408	384	434	384	51	1
282	432	308	430	51	1
512	372	540	372	28	2
614	378	636	372	28	1
1396573069_6124f0219b_1249_30946605@N00.jpg
184	127	196	124	51	2
330	223	346	221	51	2
119	231	134	233	51	2
232	234	245	234	51	2
371	95	384	94	51	2
292	98	305	97	51	2
101	127	115	127	51	2
1400559340_14d68a02b8_1303_16145449@N00.jpg
260	386	298	392	51	2
394	350	432	350	51	2
696	294	732	296	51	1
298	246	334	246	28	2
520	272	550	270	51	1
1402489591_e203e42a9b_1371_10397533@N04.jpg
706	188	734	184	28	2
562	190	588	186	28	2
232	146	256	144	28	2
446	210	478	212	28	1
362	172	386	178	28	2
1403732464_c58a2faee0_1400_20829720@N00.jpg
97	141	115	142	51	2
315	146	334	145	28	2
423	183	441	181	51	1
210	197	226	196	51	1
266	195	281	195	5	2
1404470161_45e06cb7d2_1343_54409902@N00.jpg
194	190	224	188	28	2
810	198	836	194	28	1
324	264	352	268	28	1
640	198	666	194	28	1
424	216	452	220	28	2
1406809413_7e62742120_1123_12681424@N05.jpg
786	320	826	306	28	2
148	310	182	306	28	1
224	258	248	260	28	1
374	222	404	216	28	1
304	240	332	238	28	1
614	265	637	251	28	2
702	296	726	282	28	2
1409619835_6f8090cd6b_1422_87245500@N00.jpg
363	53	377	51	28	2
296	145	306	144	28	2
178	186	189	181	28	2
152	130	161	129	28	2
229	168	239	169	28	2
1410111915_fb20cf5c52_1045_93884954@N00.jpg
744	466	764	468	28	1
840	462	862	464	28	1
610	468	632	468	28	1
520	478	542	478	28	1
400	470	418	470	28	1
198	460	216	464	28	1
302	456	322	456	28	1
1411471108_027cecef29_1099_90317147@N00.jpg
728	348	748	352	28	1
182	306	204	310	28	1
578	332	596	332	51	2
818	328	836	328	51	2
468	288	488	288	51	2
298	292	317	297	28	2
408	339	425	348	28	1
472	361	495	359	51	1
645	292	664	293	51	2
1412669472_0d6a1de6f9_1225_47579487@N00.jpg
109	131	124	135	28	2
191	144	205	146	28	2
47	209	63	208	28	1
395	156	408	153	28	2
308	223	322	221	28	1
346	154	361	155	28	1
251	160	263	153	51	1
1412935041_3ef9d171ce_1175_13891429@N02.jpg
636	270	678	260	28	2
460	474	488	472	28	1
356	298	384	304	28	2
396	396	424	396	28	1
538	378	571	378	51	1
1413296098_3b7c810554_1134_46485895@N00.jpg
239	131	250	133	28	2
352	40	363	40	28	2
344	150	355	150	28	2
267	56	277	57	28	2
202	50	212	46	28	2
436	36	451	35	28	2
1413370201_ee33207440_1027_13344690@N00.jpg
60	40	76	42	28	2
399	88	418	86	28	2
138	77	152	75	28	1
281	111	297	111	51	1
213	90	226	87	28	1
176	69	189	70	28	2
339	86	353	86	28	1
261	74	275	69	28	1
1415471017_2c00412e35_1347_7759793@N04.jpg
368	246	390	250	28	2
278	212	300	218	28	2
734	264	756	258	28	2
570	288	590	286	51	1
466	296	486	298	28	1
651	292	672	292	51	1
1415828949_31b20c962b_1151_10856561@N00.jpg
107	139	121	139	28	2
146	41	158	42	28	2
375	100	386	101	51	1
262	66	273	66	51	2
268	137	280	138	51	2
333	57	344	52	28	1
1416225579_a62dace989_1025_14848876@N00.jpg
344	364	362	364	28	2
236	366	254	368	28	2
474	384	490	390	28	1
550	334	566	330	51	1
576	268	592	264	51	1
646	242	660	240	28	2
402	242	418	242	28	1
221	228	236	233	28	2
312	251	330	255	28	2
454	279	470	282	28	1
516	248	531	248	51	2
1416722384_97f78a2a50_1242_10856561@N00.jpg
216	290	244	288	28	2
540	274	566	274	51	2
562	108	586	108	51	2
302	98	324	100	28	2
694	120	716	116	51	1
778	194	802	196	51	1
1417194744_c0b0ba5904_1108_11247625@N06.jpg
390	82	399	81	28	1
84	80	94	82	28	1
247	84	256	82	28	1
49	74	57	76	28	1
140	86	150	86	28	1
328	92	338	92	28	1
173	89	184	91	28	1
429	78	439	79	28	1
1421201423_fe0199a316_1052_7903321@N06.jpg
492	440	510	440	16	1
398	212	414	212	16	1
384	464	398	466	16	1
678	486	694	490	16	1
574	218	588	218	16	1
486	226	500	226	16	1
282	234	298	232	16	1
659	223	675	220	51	1
1421542941_e8db0deec1_1124_22427220@N00.jpg
806	154	834	148	28	1
298	178	322	178	28	1
164	62	184	66	28	2
492	320	516	318	28	1
464	120	486	120	75	2
576	138	596	134	51	2
663	144	686	138	51	1
1421552383_1470f918dd_1125_22427220@N00.jpg
806	160	832	154	75	2
518	152	540	150	75	2
340	158	364	154	75	1
654	142	678	144	75	1
184	104	213	106	75	2
1422446820_7729f8be3c_1363_22427220@N00.jpg
524	94	558	96	51	2
850	132	884	136	51	1
178	92	208	96	51	2
692	152	724	144	51	1
266	126	298	128	51	1
1427639775_db4db5f757_1101_13930230@N04.jpg
322	340	346	348	51	2
558	438	586	442	75	2
806	428	830	426	51	2
190	210	212	212	51	2
534	272	554	270	51	1
690	206	710	204	51	2
826	242	846	240	51	2
367	223	389	225	75	2
1429198601_838da1a786_1077_14020034@N05.jpg
391	237	415	230	51	1
110	185	132	181	28	1
195	202	216	204	28	1
181	77	201	77	28	1
283	211	300	212	28	1
302	80	316	81	28	1
272	140	291	144	28	1
337	149	356	145	51	1
1429708506_1ac8e6d4a6_1258_26322916@N00.jpg
310	134	330	134	28	2
818	94	840	94	51	1
184	156	206	158	28	1
558	124	578	126	28	1
414	148	436	150	28	1
684	119	705	120	51	2
1430761458_2f52bb5978_1423_39564900@N00.jpg
61	108	81	113	51	2
229	103	246	101	51	2
162	111	180	108	51	1
375	143	392	144	28	1
408	105	424	103	28	2
1435115352_5bce159804_1083_80613066@N00.jpg
119	54	141	63	28	2
212	136	234	134	28	1
278	145	301	146	28	1
179	77	199	75	28	2
272	61	290	60	51	1
341	68	360	58	28	2
1437171984_31a824bf28_1010_10758787@N04.jpg
402	280	424	282	51	1
304	282	326	282	51	1
466	262	488	262	28	2
508	270	528	270	28	1
610	274	628	276	28	1
676	302	696	300	51	1
1439153347_a0452b237d_1126_72854085@N00.jpg
359	102	378	102	51	1
129	131	146	134	51	1
243	122	260	120	51	1
137	61	152	60	28	2
171	54	186	58	28	1
312	83	327	82	28	2
278	45	292	43	28	1
1446721728_2f6a6e1596_1244_60872307@N00.jpg
112	198	130	197	51	1
309	208	327	213	51	2
323	79	338	76	28	1
174	113	190	113	51	1
243	109	256	104	28	1
1447451378_eacac9294d_1058_14192838@N05.jpg
320	178	336	175	51	2
18	136	33	137	51	2
204	176	219	175	51	2
102	185	118	185	51	2
139	139	154	140	51	2
1447455437_646bb794e5_1177_82222572@N00.jpg
304	218	326	220	28	2
144	204	170	204	28	2
410	222	432	220	28	2
546	210	568	214	28	2
854	182	874	180	28	2
592	150	608	148	28	2
662	234	682	234	28	2
1448418197_0c12fa67ca_1030_14227920@N03.jpg
80	96	95	99	28	2
395	138	409	134	28	1
337	117	350	116	28	1
227	137	239	137	28	1
178	122	190	122	51	1
273	113	287	116	28	1
1452476299_88cfcf60e8_1229_12127811@N05.jpg
660	210	692	202	28	2
568	228	596	222	28	2
736	338	768	334	51	2
390	248	416	256	28	2
504	296	532	296	28	1
454	204	484	202	28	2
309	281	342	287	28	2
1454042170_ad51d40804_1126_11397193@N02.jpg
442	406	496	398	28	1
616	364	670	370	28	1
764	166	812	170	28	1
280	132	328	142	28	1
516	192	560	200	28	1
1454268504_78fce33424_1208_84148278@N00.jpg
203	140	213	140	28	1
113	151	122	153	28	1
304	124	316	125	28	1
359	125	367	125	28	1
253	128	263	129	28	1
159	141	170	144	28	1
1455706539_09d8087ff3_1410_63083803@N00.jpg
280	124	306	132	28	2
768	330	794	332	28	2
558	278	582	282	28	1
684	240	710	240	28	2
390	176	410	178	16	1
462	276	484	276	28	2
1455782725_28b3d392d2_1251_10624334@N04.jpg
276	430	304	428	51	1
590	458	616	458	51	1
126	442	154	442	10	2
338	382	358	388	28	2
496	476	516	472	28	1
1455800152_3b8cca7541_1074_31556623@N00.jpg
131	45	146	43	28	2
297	103	311	102	28	2
179	84	192	84	28	2
82	121	97	122	28	1
135	112	150	109	28	1
226	99	238	99	28	2
1455883077_ccc75ed686_1421_13183338@N00.jpg
662	312	700	312	28	1
326	220	366	216	28	2
458	320	492	310	28	1
544	196	580	192	28	2
1456722368_97c0affabe_1008_11965878@N06.jpg
492	256	520	260	28	1
394	242	420	246	28	1
590	276	616	278	28	1
838	256	862	258	28	1
218	262	246	260	28	1
712	278	738	276	28	1
1458197476_e7c2725cba_1131_14282438@N05.jpg
756	176	782	174	28	2
874	192	898	186	28	1
266	164	290	160	28	2
472	162	496	164	28	1
624	162	648	158	28	2
156	208	180	206	51	1
350	208	372	204	28	1
1458691977_94167b0c27_1380_10116018@N02.jpg
235	244	275	245	28	2
103	200	136	194	28	2
380	85	412	78	28	2
305	134	334	133	28	2
145	101	168	107	28	2
255	80	278	82	28	2
1458925755_02e9df0993_1345_14310234@N07.jpg
128	236	174	246	28	1
804	204	846	194	28	1
272	280	312	282	28	1
680	258	720	260	28	1
552	266	586	262	28	1
1459712938_65bf73a9e0_1218_14310234@N07.jpg
572	300	594	300	28	2
440	316	462	314	28	1
640	172	656	170	28	2
354	172	374	176	28	1
746	188	766	186	51	1
452	168	468	166	28	1
293	180	310	188	28	1
539	188	560	185	28	1
1459753528_581ddc8eda_1330_50219999@N00.jpg
372	358	404	360	28	2
256	426	286	426	28	1
556	150	582	152	28	2
780	290	808	290	28	2
546	360	574	360	28	2
1461366013_438bc24a90_1173_42847455@N00.jpg
860	396	916	382	28	2
372	372	424	378	28	2
666	428	718	428	28	2
130	294	172	292	28	2
514	334	558	330	28	2
766	338	810	336	28	2
1462196448_e8912b4f0d_1233_42847455@N00.jpg
782	226	842	212	28	2
520	262	576	244	28	2
328	220	380	218	28	2
100	162	150	152	28	2
148	466	194	450	28	1
1463301615_73c375855a_1139_74138436@N00.jpg
808	582	854	582	28	2
388	588	428	582	28	2
180	404	214	402	28	2
640	432	674	434	28	1
414	402	442	402	28	2
1463768389_7b17c1b367_1408_97992280@N00.jpg
126	204	154	208	51	1
632	184	656	178	28	1
256	192	278	192	28	2
490	226	512	226	28	1
580	222	602	220	28	1
1465318796_b44698ceca_1036_66622362@N00.jpg
178	224	210	230	28	2
694	328	728	330	51	1
426	302	460	306	28	1
846	310	884	312	28	1
778	246	810	246	28	1
596	292	628	292	28	1
400	202	430	202	28	2
1466013356_3e0b7ca87b_1140_31399239@N00.jpg
330	600	356	602	28	2
494	402	514	404	28	1
404	106	426	106	28	2
378	298	398	298	28	2
266	410	284	408	28	1
1466015510_fa5fd29b42_1019_31399239@N00.jpg
412	636	436	634	28	2
504	426	526	428	28	1
280	440	300	440	28	1
386	520	408	520	28	2
428	126	448	126	28	2
398	316	420	318	28	2
1466648102_b1c3013ced_1041_22331328@N00.jpg
191	75	200	75	28	2
79	108	90	110	28	2
321	76	331	75	28	2
424	94	434	94	28	1
293	98	302	99	28	2
124	92	134	93	28	2
257	98	266	98	28	1
352	103	362	105	28	1
1468698908_395d8d0a45_1191_18458541@N00.jpg
256	138	280	140	51	1
120	146	146	144	51	1
612	178	634	180	51	1
552	144	574	146	51	2
692	168	712	168	51	1
374	160	398	160	51	1
466	188	488	188	51	1
1471130858_3d198cd603_1406_67636517@N00.jpg
234	396	264	400	28	1
690	428	712	424	28	2
432	378	448	378	28	1
610	418	630	416	28	1
544	370	564	374	28	2
305	472	331	479	28	2
1472206195_8a2e85bab1_1049_76726734@N00.jpg
362	402	382	400	28	1
622	398	642	396	28	1
638	188	658	186	51	2
852	176	872	174	28	2
392	178	408	178	28	2
240	178	258	180	28	2
486	416	506	414	28	1
308	211	325	217	28	2
526	167	544	169	51	2
735	179	752	173	28	2
1474796816_152a88acb7_1073_14493570@N04.jpg
249	128	260	128	28	1
386	119	399	114	28	2
84	122	100	121	28	2
321	118	334	119	28	2
159	118	172	116	28	2
1476768313_85faf1d482_1149_37305800@N00.jpg
436	346	462	354	28	1
568	348	600	348	16	1
710	322	740	320	16	1
510	202	534	206	51	2
624	236	654	232	51	2
1477103390_42a3fd4c6c_1015_38872360@N00.jpg
76	144	91	145	5	1
193	221	209	221	1	2
131	216	146	216	1	2
263	176	277	176	5	1
144	149	158	150	5	2
199	141	212	141	5	1
1477628130_c6659ec1e3_1200_37305800@N00.jpg
588	124	608	122	28	2
498	136	516	134	28	2
392	74	406	78	28	1
454	96	470	96	28	1
322	52	336	48	28	1
1478196820_d2a5604309_1383_14375290@N08.jpg
112	332	152	332	28	2
820	340	854	334	28	1
708	312	734	312	51	1
266	290	292	288	28	1
638	250	652	246	51	2
338	250	358	250	28	1
393	230	407	239	28	2
1481143884_d7869eaa46_1006_8730186@N03.jpg
66	85	80	87	51	2
451	113	462	114	75	1
204	67	215	67	75	2
376	86	386	84	75	2
144	112	154	110	28	1
302	82	312	81	51	1
1483063387_e4aa9ed2e6_1147_73905603@N00.jpg
644	230	664	232	28	1
264	224	284	224	28	1
388	230	406	226	28	1
480	226	500	230	28	1
566	238	588	236	28	1
190	230	204	234	28	1
722	236	738	238	28	1
1484362292_f8721347bf_1049_34793960@N00.jpg
172	310	218	308	28	1
826	270	864	272	28	1
666	284	702	274	28	2
314	222	348	224	28	2
404	222	430	220	28	1
1485606996_7144ff4d98_1243_12487324@N03.jpg
538	408	558	410	51	2
400	404	418	402	16	2
274	400	292	398	16	2
644	418	662	420	16	1
508	284	522	282	51	2
418	290	434	290	51	1
1486586551_a22c6834ff_1308_8730186@N03.jpg
400	241	418	244	75	1
287	70	300	67	51	2
51	200	66	198	75	2
175	210	189	211	75	1
239	118	252	117	51	1
317	218	334	216	75	2
1492005201_16d897b3c5_2418_46153832@N00.jpg
894	502	930	502	28	1
748	378	776	374	28	2
202	198	224	198	28	1
696	272	720	270	28	1
282	288	306	286	28	1
412	266	434	272	28	1
506	253	533	258	28	2
608	279	630	267	28	2
1494472622_6dfef28514_2145_8622688@N03.jpg
148	90	174	92	28	2
706	76	728	68	28	2
598	48	624	42	28	2
474	58	496	56	28	2
288	60	310	64	28	2
378	66	400	62	28	2
520	42	546	36	28	2
1504112943_b4e6e52639_2130_42117359@N00.jpg
786	170	820	164	51	2
678	190	706	192	28	1
162	162	188	168	28	2
552	172	580	166	28	2
434	232	460	230	28	1
286	222	308	224	28	1
1507232537_64189f6d28_2284_97665445@N00.jpg
686	262	712	258	51	1
576	264	604	260	51	1
348	270	372	270	28	1
440	268	464	260	28	1
252	292	276	294	28	1
1508169178_1b37d90fef_2007_97665445@N00.jpg
576	396	614	396	28	1
282	398	316	406	28	1
358	406	392	408	28	1
696	422	730	428	28	1
1516090864_4ea22fe392_2012_86489385@N00.jpg
367	127	380	125	51	2
332	178	345	176	28	1
161	179	173	178	75	1
221	184	233	185	5	2
271	185	282	186	28	1
100	199	113	198	5	1
105	136	117	138	75	1
1518778763_a8b109502c_2304_12927586@N03.jpg
153	154	165	153	28	2
84	57	96	56	28	2
256	47	266	46	28	2
167	52	179	52	28	2
228	155	239	154	5	2
334	48	345	49	28	1
93	178	106	179	5	1
323	168	337	168	28	2
1520256123_8ac9a1a4f2_2312_70985827@N00.jpg
286	220	301	219	28	2
235	95	247	94	28	1
152	275	168	275	28	1
389	66	400	66	28	2
153	183	165	182	28	2
321	82	333	83	28	1
342	195	354	190	28	2
1520257051_f24aebfab1_2016_70985827@N00.jpg
417	170	431	171	28	2
392	131	406	132	28	1
185	137	199	137	28	1
381	57	393	59	28	2
244	70	256	69	28	2
138	174	152	175	28	1
308	72	320	74	28	1
1520352808_81168ab8d8_2154_64939463@N00.jpg
612	272	636	276	28	2
828	272	850	272	28	2
304	242	328	242	51	2
474	318	498	320	28	1
152	276	174	278	51	1
746	320	766	324	28	1
478	212	496	212	1	2
1520357092_f3dd051494_2238_64939463@N00.jpg
730	278	750	278	28	2
290	268	310	264	75	2
544	286	566	288	75	2
198	298	218	302	75	1
668	322	684	324	28	1
426	236	441	235	1	2
456	332	475	333	51	1
1521118000_f3204299d9_2249_70985827@N00.jpg
305	239	320	239	28	2
342	220	357	215	28	2
229	115	240	113	28	1
369	96	381	96	28	2
317	105	329	106	28	1
163	191	177	191	28	1
1523086698_0cec372dd3_2194_13312140@N08.jpg
672	166	702	168	28	2
212	200	238	204	28	2
132	212	162	216	28	1
538	156	568	152	28	2
786	180	810	186	28	2
906	196	932	200	28	2
292	222	322	224	28	2
413	213	441	214	28	2
1523985903_c1694b246a_2269_14744673@N02.jpg
301	145	316	144	28	1
156	218	172	217	28	1
232	230	246	230	28	1
172	162	187	163	28	1
261	145	273	145	28	1
221	161	233	161	51	1
1524681217_1a391fa512_2071_14766032@N07.jpg
134	308	168	316	16	2
660	326	686	326	16	2
260	322	286	326	16	2
380	334	408	336	16	2
506	342	530	336	16	2
1525547780_e1ce28de13_2253_14766032@N07.jpg
228	216	254	224	16	2
848	320	874	320	16	1
330	240	354	244	16	2
736	288	758	284	16	2
446	258	470	260	16	2
588	266	610	266	16	2
1527739448_78a2b89c18_2231_14050572@N03.jpg
166	374	202	376	28	1
382	388	410	392	28	2
478	330	500	336	51	2
594	374	614	376	51	2
798	422	818	424	28	2
984	436	1002	438	28	2
314	300	343	306	51	2
706	425	725	429	28	2
1528546222_6efeec23e5_2323_68717834@N00.jpg
136	96	154	95	51	2
72	139	91	140	51	1
259	164	276	164	51	1
412	112	429	112	28	1
352	156	368	158	28	1
214	139	230	136	28	1
307	120	322	119	51	1
1528603353_1e76397bbc_2327_10570138@N06.jpg
202	171	218	165	28	2
98	92	115	91	51	2
63	152	77	154	51	1
271	106	287	105	28	1
183	110	198	108	51	1
152	168	167	170	28	1
103	218	113	212	1	2
1535661351_c1647e2be0_2361_17746450@N00.jpg
742	282	766	284	51	1
534	286	554	286	51	1
152	276	168	278	28	1
334	286	354	284	28	1
259	409	282	416	28	1
504	557	533	550	16	1
856	323	884	328	51	1
372	417	397	421	51	1
1538988272_b4929c277c_2181_69918835@N00.jpg
342	452	376	462	28	1
652	414	682	404	28	2
560	394	590	394	28	1
460	372	484	368	28	1
376	346	400	352	28	1
248	366	272	366	28	1
761	358	791	341	28	2
1547112715_41dc9f576f_2400_14902062@N04.jpg
674	192	708	188	28	1
534	136	568	140	28	1
162	134	194	130	28	2
350	160	382	162	28	1
838	140	868	138	28	2
1548639149_5d42690161_2178_12467938@N05.jpg
722	214	766	212	28	1
564	252	602	244	28	1
458	234	496	234	28	1
356	218	386	212	28	1
162	178	194	180	28	2
260	192	292	190	28	2
1549150818_8fb4c6793e_2278_31391002@N00.jpg
154	270	192	270	28	2
314	308	352	306	28	2
444	272	478	270	28	2
782	240	812	232	28	2
612	226	640	224	28	2
248	218	280	216	28	2
416	176	448	174	28	2
1559595841_cfbc998897_2042_10864931@N08.jpg
286	190	300	192	75	2
356	178	370	179	51	2
82	168	95	166	51	1
178	192	189	193	75	1
251	205	261	207	5	1
125	192	136	194	1	1
1559596207_76e3abd3c6_2358_10864931@N08.jpg
396	128	413	129	28	2
75	117	91	117	51	1
170	144	185	144	75	1
257	162	270	163	5	1
175	202	188	202	1	1
305	140	320	143	75	2
1560394870_35fa11b8f2_2377_34321239@N00.jpg
524	358	552	356	28	1
442	352	468	350	28	1
502	242	528	236	28	1
430	240	452	232	28	1
336	302	358	300	28	2
1560472164_267e1d1cf0_2203_10864931@N08.jpg
359	115	375	110	28	2
289	130	305	131	75	2
94	141	109	140	51	1
206	157	220	159	51	1
415	120	429	123	5	1
175	199	187	201	1	1
1560670185_de8f17bd63_2167_44799152@N00.jpg
194	152	214	148	28	1
586	132	606	132	51	1
868	146	888	148	51	1
106	72	128	68	51	2
754	296	776	294	5	2
462	124	480	124	51	1
772	116	792	116	51	1
338	117	359	114	51	2
1563972008_ecef8187f8_2329_61347958@N00.jpg
273	251	299	251	28	1
148	432	172	437	1	1
190	88	208	84	28	2
180	232	201	229	28	1
139	104	156	102	51	1
139	243	158	245	5	1
1568778097_b4e07c92f1_2117_14354200@N04.jpg
668	234	688	234	51	2
636	400	652	400	51	1
426	292	442	292	51	1
762	386	778	388	51	1
268	398	288	398	51	1
392	416	408	418	51	1
314	272	334	272	28	1
549	251	568	250	51	1
524	401	538	403	51	1
1574131380_0175981c3e_2208_85854102@N00.jpg
766	178	784	178	28	2
416	172	432	172	28	1
320	178	336	176	28	1
196	354	214	358	28	2
684	222	700	220	51	1
489	153	506	152	51	2
548	193	566	193	51	1
583	236	599	234	16	2
881	321	899	319	5	2
1581693743_a6a9c17c5c_2250_8908631@N03.jpg
388	474	414	476	5	2
802	434	828	430	5	2
456	400	482	400	5	2
568	428	592	432	5	2
192	432	216	430	5	2
322	382	344	382	5	2
791	196	821	193	51	2
1581698529_25986ea17f_2035_8908631@N03.jpg
124	324	154	324	5	2
524	498	550	496	5	2
418	458	442	458	5	2
530	272	554	268	51	2
808	88	830	86	5	2
662	250	682	244	5	2
1583783919_0b109a20ef_2107_11345609@N00.jpg
382	380	416	382	51	1
480	374	508	368	51	1
330	266	356	266	51	1
450	272	478	274	28	1
628	292	654	292	51	1
763	258	790	249	51	1
1591747981_60b5682365_2210_50007725@N00.jpg
248	266	290	262	51	1
750	188	790	188	51	1
470	248	510	248	51	1
370	134	408	138	51	2
938	216	972	218	51	1
140	138	172	142	51	1
638	210	668	208	51	1
1591753525_9b3f48acfd_2231_50007725@N00.jpg
862	204	910	204	51	1
190	156	230	158	51	1
670	244	712	244	51	1
336	202	372	200	51	1
96	178	126	176	51	1
449	233	490	238	51	1
1592626216_5205ff1f88_2034_50007725@N00.jpg
206	132	248	138	51	2
848	278	882	274	51	1
606	304	640	300	51	1
928	150	960	150	51	2
450	246	486	244	51	1
700	162	730	164	51	1
1599426229_d87894663a_2273_15979795@N00.jpg
780	274	818	268	51	1
198	206	232	202	51	1
644	208	666	210	28	1
618	292	640	294	5	2
298	164	320	172	28	2
579	178	595	176	28	1
367	223	383	217	5	2
2464034661_b0e9c9d040_3025_14406781@N08.jpg
77	111	92	113	28	2
406	125	418	124	28	2
154	116	164	116	28	2
344	128	355	127	28	2
299	126	309	126	28	2
238	118	249	118	28	2
2464904365_3a1cde476f_3099_86204735@N00.jpg
280	276	320	280	28	2
186	254	228	270	28	2
848	260	882	252	28	2
386	270	420	266	28	2
572	322	602	318	28	1
756	318	786	316	28	1
2466354008_47ba0cd172_3031_7257525@N06.jpg
410	79	424	78	28	2
237	84	248	84	28	2
336	78	349	76	28	2
47	97	58	96	28	2
128	104	141	102	28	2
2467686232_a31c17ff8d_2088_28727410@N00.jpg
431	100	448	93	28	2
76	127	91	130	28	1
200	95	215	93	28	1
252	92	267	93	28	1
350	104	365	100	28	1
301	100	315	98	28	1
59	79	78	89	28	2
170	98	182	108	28	1
