1074907890_54830d807a_1136_8011736@N02.jpg
125	104	136	104	75	2
355	114	364	113	28	2
233	117	242	118	28	1
184	120	193	122	28	1
256	111	266	110	28	2
314	142	324	145	75	1
393	136	405	134	28	1
1127154885_103d17fe52_1276_38644528@N00.jpg
408	98	436	98	28	2
458	468	498	468	10	1
142	218	180	220	28	1
542	208	580	212	28	1
752	188	790	192	28	1
794	330	830	326	16	1
1127865793_558e638d8c_1025_38644528@N00.jpg
742	92	764	92	28	2
878	118	900	116	51	2
306	132	330	130	28	1
176	160	200	162	28	1
596	82	616	82	28	2
492	140	514	138	28	1
1128078808_545ff70404_1022_38644528@N00.jpg
548	108	562	106	28	2
486	150	500	148	28	1
680	152	696	154	51	1
290	162	304	164	51	2
372	168	390	166	51	1
774	143	791	143	51	2
1157581843_fde49d8b7a_1149_83458989@N00.jpg
740	210	766	216	51	2
176	222	204	226	51	1
514	324	540	326	75	1
324	232	352	234	75	2
428	210	452	208	28	2
584	198	606	198	51	2
826	244	853	249	75	2
1157595065_9ba08db17e_1405_83458989@N00.jpg
488	244	510	244	75	1
192	182	216	184	75	1
318	176	342	174	75	2
668	132	690	134	51	2
410	156	432	154	28	2
556	132	574	130	51	2
758	156	776	158	75	2
1157685843_5e256fd11e_1257_83458989@N00.jpg
262	246	298	254	75	2
400	230	430	236	28	2
562	214	588	218	51	2
666	224	690	228	51	2
764	250	786	252	75	2
1157890395_1a59f09727_1238_83458989@N00.jpg
460	182	492	186	28	2
368	312	400	310	75	1
214	190	246	198	75	2
852	248	884	248	75	2
596	312	628	310	28	1
688	266	716	260	51	1
1158001267_005a33895f_1049_83458989@N00.jpg
540	242	570	242	28	1
472	178	500	174	28	1
266	240	292	242	51	1
660	216	688	214	28	1
362	228	388	226	28	1
1158029729_50bdc65736_1277_83458989@N00.jpg
382	312	410	310	28	1
320	248	346	246	28	1
512	276	540	278	28	1
124	324	146	320	51	1
218	300	242	296	28	1
1158043351_ac05d16236_1260_83458989@N00.jpg
576	292	610	288	28	1
490	224	524	222	28	1
722	244	756	244	28	1
260	306	288	310	51	1
372	282	402	278	28	1
1158426710_e0681ce1e7_1160_83458989@N00.jpg
752	222	776	226	28	2
152	240	182	242	51	1
512	342	540	342	75	1
592	208	616	206	51	2
316	242	344	242	75	2
448	254	472	254	28	2
860	254	882	256	75	2
1158763262_f5a7990202_1347_83458989@N00.jpg
468	230	490	236	28	2
756	280	778	278	75	2
564	326	586	324	28	1
392	324	414	324	75	1
644	288	666	290	51	1
274	242	302	246	75	2
1158844274_cd42fb6387_1306_83458989@N00.jpg
584	262	626	260	28	1
486	162	528	160	28	1
786	206	828	216	28	1
194	246	232	248	51	1
324	228	362	226	28	1
1158913614_54f4e0a7ec_1439_83458989@N00.jpg
606	266	642	262	28	1
508	194	546	194	28	1
248	284	282	286	51	1
366	258	400	254	28	1
740	218	776	206	28	1
1278600227_b9eed553e1_1267_7999396@N08.jpg
824	454	860	454	51	1
676	376	708	374	28	1
208	160	234	156	51	1
338	184	364	184	28	1
468	150	492	152	28	1
546	474	572	474	10	1
586	336	612	330	16	1
272	130	294	128	16	1
390	122	410	120	16	1
1278638617_1b11a2eed7_1233_7999396@N08.jpg
506	558	528	560	51	2
390	516	410	518	28	2
400	406	418	402	28	2
482	404	500	398	28	2
536	310	556	308	28	2
246	400	264	400	28	2
290	270	308	272	28	2
154	384	170	384	51	2
361	304	381	298	28	2
355	418	370	424	28	1
213	486	228	492	28	2
1279454136_a423c309b3_1406_7999396@N08.jpg
122	278	160	286	28	2
654	334	688	328	28	2
582	336	614	334	28	1
414	290	444	292	28	1
892	298	926	298	28	1
256	374	290	382	28	1
770	210	804	208	28	2
602	214	632	210	28	1
298	218	328	216	28	1
378	164	402	166	28	2
501	167	522	168	5	1
727	403	759	406	10	1
715	163	744	159	28	2
1279469668_db6957dfa2_1158_7999396@N08.jpg
228	228	250	232	51	1
524	196	548	198	28	1
810	212	830	212	16	1
308	240	330	240	28	1
384	212	404	212	28	1
670	194	690	188	16	1
600	440	618	434	5	1
1279489418_80d760bbb8_1123_7999396@N08.jpg
842	184	872	186	75	2
238	226	264	226	51	1
694	254	720	248	75	1
574	202	602	198	28	2
380	154	402	156	51	2
490	232	514	230	28	1
1279494580_6348da40c2_1284_7999396@N08.jpg
490	514	506	516	51	2
348	536	364	540	28	1
530	540	548	540	51	1
406	526	424	522	28	2
166	542	180	538	28	1
236	558	252	556	51	1
201	489	217	489	28	2
285	504	305	510	75	2
362	690	381	692	5	1
1279518680_e0eeb855c2_1213_7999396@N08.jpg
650	198	670	194	28	2
292	324	308	328	28	2
362	312	380	310	28	2
762	344	780	344	28	1
464	332	484	334	28	1
464	198	480	196	28	2
568	200	584	200	28	1
277	183	296	183	28	2
399	199	417	197	28	1
680	331	699	335	28	1
1288265409_d00c622a9a_1006_11670405@N05.jpg
95	131	106	130	28	1
145	123	156	123	28	2
282	130	291	130	28	1
231	112	241	113	28	2
45	136	56	136	51	1
195	139	205	138	28	1
1288265937_ac2601b9e6_1013_11670405@N05.jpg
287	64	301	62	28	2
312	94	326	96	28	1
161	89	174	90	51	1
369	60	382	59	28	2
230	82	244	83	28	1
82	86	96	84	51	1
198	62	210	61	51	1
410	77	426	77	28	1
1289115986_9f43709f24_1130_11670405@N05.jpg
117	57	132	60	28	2
253	73	266	73	28	2
396	81	409	81	75	2
326	84	339	84	75	1
195	93	206	90	28	1
1289116228_9557d322c2_1387_11670405@N05.jpg
273	139	283	138	75	2
66	123	76	125	28	2
159	137	168	136	28	2
211	143	221	142	75	1
120	149	128	149	28	1
1289119228_505482e5b6_1286_11670405@N05.jpg
176	49	186	50	28	1
227	43	236	44	28	2
120	52	130	52	51	1
317	33	327	34	28	2
358	48	367	49	28	1
269	57	280	58	28	1
1289119732_5e93540dd1_1009_11670405@N05.jpg
273	51	283	51	28	2
308	74	317	76	28	1
143	63	156	63	51	1
182	65	192	65	51	1
243	64	252	65	28	1
205	43	213	44	28	1
320	48	329	48	28	2
358	63	367	64	28	1
1326636371_3c6873f040_1134_36251149@N00.jpg
242	106	251	105	28	2
196	98	205	99	28	2
84	112	94	112	28	2
400	117	409	117	28	2
161	100	169	99	28	2
319	111	328	111	28	2
273	82	283	82	28	2
1326640137_a83cef2043_1069_36251149@N00.jpg
115	74	124	74	28	2
411	80	420	79	28	2
216	69	224	69	28	2
327	76	335	75	28	2
247	143	257	143	28	2
290	46	300	47	28	2
186	60	195	61	28	2
1326642135_eb3ada32d7_1133_36251149@N00.jpg
407	125	422	123	28	1
185	85	199	86	51	2
130	135	145	136	28	1
369	104	382	103	28	1
294	138	308	139	28	1
237	103	250	103	28	1
1326642319_1b24a19e73_1285_36251149@N00.jpg
185	83	200	84	51	2
133	135	148	135	28	1
295	137	309	138	28	1
370	102	384	101	28	1
238	102	251	102	28	1
410	122	424	122	28	1
1326643335_388462ff54_1262_36251149@N00.jpg
181	95	194	96	51	2
146	142	158	142	28	1
370	128	382	128	28	1
339	108	351	107	28	1
231	111	242	111	28	1
279	138	292	138	28	1
1326643639_cec20c283f_1159_36251149@N00.jpg
195	88	207	89	51	2
158	133	170	134	28	1
291	133	303	134	28	1
352	103	363	103	28	1
245	105	256	105	28	1
379	122	391	123	28	1
1326644563_380ae29835_1391_36251149@N00.jpg
119	122	129	123	51	2
93	160	101	161	28	1
261	151	270	151	28	1
192	162	201	162	28	1
239	135	248	134	28	1
157	135	166	134	28	1
1327531206_bcc2bdef52_1372_36251149@N00.jpg
90	110	100	110	28	2
410	116	420	115	28	2
204	96	213	97	28	2
253	104	262	105	28	2
168	97	177	97	28	2
328	109	337	109	28	2
284	79	292	79	28	2
1327531496_ca6b67264a_1201_36251149@N00.jpg
85	107	95	106	28	2
198	93	207	94	28	2
247	101	256	101	28	2
405	112	414	112	28	2
164	94	172	94	28	2
323	106	332	106	28	2
279	76	287	76	28	2
1327531714_de39f95c57_1300_36251149@N00.jpg
245	106	255	105	28	2
164	100	173	100	28	2
322	112	331	112	28	2
87	113	97	113	28	2
403	117	412	117	28	2
199	98	208	99	28	2
278	82	286	82	28	2
1327538202_a8e7da0c6d_1393_36251149@N00.jpg
184	83	198	84	51	2
408	122	423	121	28	1
132	135	147	136	28	1
293	138	307	139	28	1
368	103	382	102	28	1
235	103	248	103	28	1
1343840593_03c2635a24_1340_11670405@N05.jpg
580	170	612	166	28	2
474	218	504	220	28	1
282	232	312	230	51	1
366	158	392	160	28	1
150	236	182	232	28	1
742	152	770	150	28	2
678	236	714	245	28	1
852	194	883	190	28	1
1343865107_340e9e4e22_1199_11670405@N05.jpg
852	212	888	208	75	2
134	168	170	174	28	2
490	202	524	200	28	2
332	252	362	244	28	1
678	222	710	222	51	1
1347261081_6ab049292c_1237_48393269@N00.jpg
268	302	288	306	51	2
584	332	602	334	51	2
478	348	496	348	28	1
726	378	746	380	16	2
666	318	686	314	51	1
304	452	319	449	10	2
411	344	426	344	5	1
348	334	365	328	51	1
1398465391_776c066223_1257_51374568@N00.jpg
174	354	200	350	28	2
376	358	398	358	28	1
518	132	542	124	28	1
756	304	778	302	28	1
844	274	862	276	28	2
488	106	506	108	28	2
126	136	144	138	28	1
656	144	672	142	28	2
205	142	225	134	28	2
749	136	766	135	28	1
1582908598_c4b8f18bec_2417_85451484@N00.jpg
200	101	210	102	28	2
396	96	406	95	51	2
322	100	331	100	28	2
170	60	178	60	28	2
421	73	429	72	28	1
70	126	77	124	28	1
97	118	106	112	28	1
266	99	276	97	28	1
1610418528_86cc55c460_2167_7819308@N05.jpg
856	210	878	206	75	2
562	182	582	182	28	2
312	258	330	258	51	1
148	244	164	244	51	2
448	236	468	236	28	1
716	228	738	229	75	1
1659430409_490aa553d3_2043_63825114@N00.jpg
776	398	808	400	16	1
216	228	242	228	51	1
730	142	754	142	16	1
820	110	840	108	28	1
854	212	878	212	28	1
554	222	578	224	28	1
388	180	408	184	28	1
168	140	186	142	75	1
298	138	318	136	51	1
430	136	442	136	28	1
632	299	665	296	28	1
1659782849_44e19b579d_2035_63825114@N00.jpg
528	272	550	272	28	1
380	264	400	266	16	1
662	274	684	272	75	1
448	198	470	200	51	2
268	242	288	242	51	1
592	242	611	230	51	1
1660293924_9b9f326898_2120_63825114@N00.jpg
736	424	762	426	10	1
566	338	590	336	28	1
358	340	382	342	16	1
802	262	822	262	28	1
202	270	224	270	51	1
706	196	726	196	16	1
474	170	492	168	28	1
246	182	264	182	75	1
394	236	412	240	28	1
502	272	524	265	28	1
370	182	391	182	28	1
570	165	590	167	28	1
771	168	792	164	28	1
1660663450_f15db3bc65_2362_63825114@N00.jpg
466	54	488	56	51	2
400	136	422	138	51	1
684	144	706	144	75	1
546	158	568	154	28	1
292	104	310	104	51	1
624	97	645	91	28	1
1660706292_b70d26fbb1_2067_63825114@N00.jpg
344	188	368	188	51	2
276	276	298	278	28	1
566	284	590	284	75	1
506	236	526	236	28	1
164	236	184	236	51	1
424	298	452	296	28	1
1660797966_6b8fbbeb61_2261_63825114@N00.jpg
442	226	458	228	16	1
190	230	206	230	16	2
640	232	656	232	75	1
860	242	876	242	16	1
708	352	722	350	10	2
756	300	772	302	16	1
482	194	498	196	51	1
264	428	279	428	5	2
340	377	356	376	5	2
515	242	534	242	28	1
373	196	389	196	51	2
604	156	621	156	51	2
706	191	720	191	28	1
802	196	818	191	28	1
1794263822_551d2db7b4_2280_35406784@N00.jpg
290	310	322	314	28	2
104	410	126	408	28	2
554	394	574	392	28	2
186	302	206	304	28	2
382	316	402	318	28	2
483	288	503	276	28	2
1975272724_33b6df4970_2283_11246063@N07.jpg
75	91	92	92	28	2
199	105	214	109	28	2
398	112	413	111	75	2
307	118	323	118	28	2
454	113	467	113	28	2
251	117	261	116	28	2
340	93	349	93	28	2
150	83	163	82	51	2
2165026035_180be93896_2379_11246063@N07.jpg
367	88	381	83	75	2
106	123	119	123	75	2
234	170	247	172	28	1
163	145	174	144	75	1
313	121	324	120	75	1
237	100	251	101	51	2
2165027427_e6225271fb_2023_11246063@N07.jpg
143	318	170	316	10	2
64	105	85	112	16	2
263	74	283	66	28	2
140	119	162	121	51	2
198	144	219	142	28	1
2165027619_ebb53085b0_2358_11246063@N07.jpg
144	114	158	116	51	2
78	103	92	107	16	2
249	102	261	98	28	2
123	242	135	239	10	2
195	184	210	182	16	1
194	128	207	129	28	1
2167243217_e3753be48d_2103_50543908@N00.jpg
678	216	696	218	28	1
526	148	544	148	51	1
240	202	258	202	51	1
172	214	190	212	51	1
324	142	342	142	28	1
604	202	620	202	51	1
400	304	414	304	5	1
434	128	450	126	28	1
470	268	484	266	10	1
2167259765_5f7d401c07_2003_50543908@N00.jpg
422	298	442	300	75	1
214	112	234	110	51	1
268	228	288	228	10	1
650	80	670	82	51	1
478	130	498	132	75	1
604	182	622	180	16	1
346	100	368	100	28	1
2167270507_79a9c41ec6_2043_50543908@N00.jpg
410	266	434	266	28	2
290	88	314	90	51	1
218	110	238	114	51	1
560	76	582	76	51	1
670	98	692	98	51	1
148	128	170	128	28	1
272	262	294	262	10	1
418	70	440	72	28	1
560	190	580	190	16	1
2168035716_06f06c1659_2241_50543908@N00.jpg
420	108	438	108	28	2
284	106	304	106	28	2
684	148	702	148	28	2
156	172	170	172	28	2
386	218	404	216	16	2
468	398	486	398	5	2
370	362	386	362	5	2
558	126	578	125	51	2
564	271	583	270	10	2
261	280	278	282	10	2
2168063032_8aef54f9a1_2183_50543908@N00.jpg
498	246	518	244	28	2
282	242	300	242	28	2
496	116	514	118	51	2
640	122	658	124	28	2
590	270	606	270	10	2
404	214	422	214	28	1
200	314	216	314	5	2
244	124	262	124	16	2
147	185	164	187	16	2
685	178	702	178	10	2
2168064222_0993b94580_2246_50543908@N00.jpg
682	96	700	96	28	2
480	102	496	100	28	2
632	186	648	188	28	2
534	132	548	132	28	2
176	138	190	138	51	1
232	198	248	198	51	1
734	154	748	154	16	2
306	164	318	164	51	1
340	296	352	294	10	1
418	258	432	256	16	1
416	128	430	130	28	1
510	312	522	314	10	2
231	115	247	115	51	1
197	219	212	218	28	1
323	110	339	110	28	1
593	112	610	113	51	2
590	354	607	353	5	2
722	242	736	242	16	2
638	245	653	247	16	2
2200379967_c236130e6c_2157_22839086@N02.jpg
98	124	116	121	28	2
226	44	241	42	28	2
272	62	290	63	28	1
386	89	400	88	28	1
352	36	367	34	28	2
133	198	155	190	28	1
216	136	234	138	28	1
179	85	201	84	28	2
2215543537_505e1b9637_2237_11246063@N07.jpg
343	56	355	55	75	2
389	63	401	62	75	1
83	46	95	48	51	2
134	69	144	70	51	1
195	52	207	52	28	2
256	61	267	62	28	1
2229984305_f7e39d902b_2381_16104739@N00.jpg
726	124	752	122	75	2
186	162	208	164	51	1
580	136	602	132	28	2
484	186	506	184	28	1
312	212	334	208	51	1
2229985817_3e3dc0dcc7_2232_16104739@N00.jpg
678	230	702	226	16	2
552	292	572	296	10	2
724	136	746	134	16	2
570	132	590	128	28	2
466	186	486	184	28	1
224	196	244	194	16	1
342	220	360	220	16	2
2237632185_31971a551a_2029_7232687@N03.jpg
288	45	297	46	28	2
409	67	416	66	28	2
138	67	146	68	28	2
365	71	372	71	28	2
224	75	231	76	28	2
80	87	88	87	28	2
2331966283_9774694996_3211_12214806@N00.jpg
397	124	409	124	75	2
259	117	270	114	28	2
345	156	356	157	75	1
158	148	169	147	51	1
92	128	104	128	51	2
245	142	256	143	28	1
2332094906_9783a1bfc9_2275_75601738@N00.jpg
265	193	285	194	51	1
389	48	407	45	28	1
216	164	232	162	16	2
52	176	70	174	16	1
137	172	152	170	10	2
297	106	314	104	51	1
2332095352_967a0c9d64_3114_75601738@N00.jpg
207	51	217	51	28	2
319	124	330	122	16	2
272	68	282	69	28	1
389	56	399	54	28	1
187	126	198	126	10	1
114	120	124	120	10	2
65	73	77	74	28	1
2341968547_13a1afd05b_3253_13840149@N06.jpg
363	51	375	50	51	2
66	91	76	91	51	2
182	87	192	86	28	2
295	85	306	87	51	1
230	95	241	96	28	1
123	113	133	113	51	1
2398822444_38bcac316f_3037_14682886@N00.jpg
458	82	470	84	28	2
373	102	385	104	28	2
179	121	190	122	28	2
50	116	60	118	51	2
233	117	244	117	28	2
107	132	118	132	28	2
310	110	321	112	28	2
2477838731_f4519b0810_3223_12090867@N06.jpg
162	178	186	176	28	1
372	148	396	146	28	1
500	152	524	152	28	2
756	170	780	174	28	1
872	214	892	212	28	1
622	156	646	156	28	1
272	184	294	182	28	1
2478647748_a634bc37ec_3035_12090867@N06.jpg
798	220	818	218	28	1
368	98	390	96	28	1
602	106	624	106	28	1
706	122	728	122	28	1
274	114	298	112	28	1
194	184	218	180	28	1
484	116	508	118	28	1
2503980117_2c118c82c0_2326_60196751@N00.jpg
194	328	258	318	28	1
454	500	492	490	10	1
430	256	470	248	28	1
618	428	654	432	28	1
794	456	826	464	28	1
606	322	636	324	28	1
2511119617_4c8ec39589_2054_14682886@N00.jpg
97	123	111	123	28	1
305	177	318	177	10	2
212	105	226	106	28	2
28	111	38	111	28	1
360	103	373	102	16	2
465	89	484	90	28	2
181	111	191	111	28	2
2523756173_273b0b9065_2381_10731304@N06.jpg
364	85	380	85	51	1
164	75	177	75	28	2
74	76	86	76	28	2
257	94	267	93	28	2
126	86	134	86	28	2
2523768217_63ce53b3c6_3043_10731304@N06.jpg
43	142	60	138	51	1
390	124	405	120	75	2
98	126	108	126	75	1
359	107	370	108	51	1
330	98	340	98	51	2
161	102	172	102	75	2
2524580818_1fb3d16150_3262_10731304@N06.jpg
126	81	146	82	51	2
390	105	401	104	28	2
216	104	227	105	28	2
283	120	292	121	28	2
349	123	356	123	28	2
2524584122_415f519ec8_3244_10731304@N06.jpg
169	51	179	49	75	2
215	57	225	56	51	2
112	52	121	51	51	2
146	80	155	79	75	1
309	50	317	50	75	2
364	53	371	52	75	1
262	60	272	59	51	1
71	88	82	86	51	1
2524584530_56f3744b5a_3166_10731304@N06.jpg
197	60	205	60	51	2
412	77	420	77	28	1
310	94	319	92	28	1
257	131	265	131	10	2
111	69	119	70	28	1
355	53	363	53	28	2
165	50	172	50	28	2
206	179	214	179	1	2
167	159	176	159	5	1
131	47	139	49	28	2
242	64	250	64	51	1
282	53	289	53	28	2
338	112	348	113	1	1
393	82	400	82	1	2
2524594648_c02a72493c_2170_10731304@N06.jpg
154	127	172	126	51	2
367	154	383	154	51	1
236	136	252	136	51	1
108	89	123	86	51	1
195	79	209	80	51	2
276	84	289	84	51	2
369	103	387	100	51	2
2537739409_dc10ea11cd_3030_86474170@N00.jpg
309	87	319	87	28	1
196	69	207	70	28	1
295	66	305	66	28	2
177	60	186	61	28	2
248	167	256	167	10	1
176	163	185	163	10	1
246	79	259	81	51	1
2545189079_ae5dc6e3a2_3267_15164821@N03.jpg
314	334	336	336	28	1
570	146	596	146	28	2
366	122	388	120	28	2
784	228	804	222	28	1
170	148	192	146	28	1
2556755030_b89308de21_3149_26773236@N07.jpg
194	128	214	130	28	2
650	118	668	120	28	2
858	136	876	134	51	2
890	286	906	288	10	2
444	152	460	152	28	1
560	154	576	154	28	1
400	96	414	98	28	2
750	154	768	152	51	1
518	80	534	80	28	2
295	123	314	122	28	1
2569963230_327014e242_3004_21629300@N04.jpg
98	124	116	121	28	2
226	44	241	42	28	2
272	62	290	63	28	1
386	89	400	88	28	1
352	36	367	34	28	2
133	196	156	190	28	1
180	86	200	85	28	2
217	136	233	137	28	1
2588298547_818c06c6be_3130_49991366@N00.jpg
674	122	714	116	28	2
520	146	556	148	28	2
346	176	376	166	28	1
266	186	302	200	28	1
2589134902_e4b832d74e_3056_49991366@N00.jpg
288	162	334	162	28	2
576	196	614	200	28	2
704	166	740	160	28	2
410	206	446	196	28	1
2599186513_47c283f517_3108_78464085@N00.jpg
332	270	370	266	51	2
596	306	640	316	51	1
2599952560_da5ccc5f56_3279_78464085@N00.jpg
804	342	820	342	75	1
866	372	884	368	51	1
160	254	174	256	51	2
250	258	266	258	28	1
328	288	340	286	51	1
413	286	426	286	28	1
472	316	489	315	51	1
491	244	504	244	28	2
547	301	560	299	51	1
580	337	592	337	51	1
616	278	629	277	28	2
723	312	739	312	75	2
2610322935_b6174de104_3024_14682886@N00.jpg
213	95	251	85	28	2
105	77	131	75	28	2
359	79	387	75	28	2
424	94	444	96	28	2
57	112	77	114	28	2
2628710217_d1e39cfffa_3168_88255094@N00.jpg
826	214	854	206	28	1
614	292	642	290	28	2
160	128	180	128	28	1
406	308	426	308	28	1
292	280	312	280	28	1
2628733899_43dd84958f_3046_88255094@N00.jpg
330	34	340	34	51	2
232	49	244	48	51	2
125	66	135	65	28	1
332	109	342	108	16	1
343	174	352	178	5	1
78	64	87	65	28	1
388	90	399	90	51	1
242	105	251	104	28	1
297	82	308	83	28	1
221	99	231	104	51	2
2650792774_9181b2d987_3218_92117860@N00.jpg
398	117	412	114	28	2
330	144	343	142	51	1
163	131	177	130	28	2
248	145	260	144	28	1
111	168	124	168	28	1
359551237_4544e5bfa8_144_44338403@N00.jpg
343	75	360	73	28	1
152	71	168	69	28	1
427	65	445	67	28	1
263	65	279	64	28	2
223	88	239	85	28	1
55	103	71	104	28	1
394412904_97332fba0a_149_84477621@N00.jpg
401	62	411	63	51	2
113	67	123	67	28	1
233	69	242	68	51	2
166	93	175	94	16	2
264	80	272	80	28	1
335	82	344	82	51	1
409942559_dc0c114c4d_164_60497128@N00.jpg
238	158	258	158	51	2
838	154	858	152	28	2
698	144	714	140	28	2
156	204	174	206	28	1
632	176	650	178	28	1
512	164	528	164	28	2
70	206	88	206	28	2
430	194	446	194	28	1
337	189	356	188	51	1
426999537_7d2f5d96bf_185_30821097@N00.jpg
131	139	147	137	28	2
42	156	56	154	5	2
44	80	58	79	5	1
110	261	122	262	5	1
109	48	121	50	5	2
166	39	181	40	10	1
211	136	227	132	28	1
516126100_a455a6d1c6_238_97655177@N00.jpg
147	73	156	73	28	2
198	75	207	76	28	2
328	76	337	75	28	2
242	83	250	83	28	2
294	76	302	75	28	2
201	224	210	225	28	1
102	56	113	57	28	2
352	82	361	82	28	2
394	99	403	99	28	2
523194282_7d495be45f_217_97655177@N00.jpg
411	104	428	102	28	2
225	116	239	117	28	2
74	109	88	111	28	2
149	139	163	139	28	1
320	139	334	139	28	1
607051059_b615dd2400_1134_21318703@N00.jpg
160	95	168	97	28	2
242	116	251	115	75	2
337	109	346	107	28	2
199	120	207	120	28	1
285	128	293	128	75	1
382	108	393	106	28	2
124	112	133	116	28	2
607185518_e92e448f43_1078_21318703@N00.jpg
204	131	223	128	28	2
111	175	129	173	28	1
312	193	331	194	28	1
147	126	163	123	28	1
282	127	297	125	28	1
607186584_1851f6f55c_1047_21318703@N00.jpg
264	172	291	169	28	2
357	159	383	156	28	1
307	89	330	87	28	1
210	98	231	90	28	1
172	189	192	183	28	1
623291170_8c14d10bb6_1191_22962125@N00.jpg
456	200	474	200	75	2
708	192	724	190	28	2
310	200	326	206	51	2
378	210	394	210	51	1
536	218	552	218	75	1
638	205	656	206	28	1
623356306_3481b109fb_1381_22962125@N00.jpg
812	190	826	188	28	2
734	204	750	202	28	2
254	230	268	230	28	2
448	314	462	314	75	1
308	232	320	234	28	2
610	324	624	324	75	1
352	232	365	232	28	1
413	226	428	227	75	2
518	233	531	235	28	1
551	226	564	226	28	2
633	220	646	220	75	2
691	232	706	231	28	1
631520367_b8f740d85c_1059_7270289@N02.jpg
148	182	169	180	75	1
218	148	236	147	75	2
303	115	321	115	75	2
85	188	103	187	51	1
361	177	379	177	51	1
842645744_774d2c977f_1124_8493520@N07.jpg
292	354	324	354	28	2
154	202	176	204	51	2
470	188	490	184	51	2
284	252	306	250	51	1
378	242	400	242	51	1
364	411	396	424	28	1
874354383_fa5ddc0a24_1227_10179259@N00.jpg
342	434	360	430	28	2
74	300	94	300	28	1
148	270	164	278	28	2
550	314	568	314	28	2
238	446	256	444	28	1
348	286	362	282	28	2
236	314	254	312	28	1
462	314	478	314	28	1
874669323_c065ab6f83_1414_10179259@N00.jpg
816	266	866	254	75	2
692	254	742	260	75	1
446	244	494	234	28	2
584	272	630	272	28	1
324	294	370	298	28	1
182	151	242	169	28	2
875531446_aedd9f86a8_1275_10179259@N00.jpg
406	172	424	172	51	2
162	108	178	110	28	2
236	110	250	110	28	2
826	126	844	124	28	2
358	140	374	138	51	1
506	152	526	152	28	2
564	192	580	190	28	1
782	116	798	116	28	2
650	188	664	190	75	1
732	170	750	172	28	1
688	136	704	136	51	1
299	139	315	136	28	1
359	66	374	68	51	2
431	91	442	89	51	1
478	96	494	96	75	2
560	60	577	61	75	2
443	137	460	137	51	1
592	123	605	124	75	1
671	47	684	45	28	2
721	80	735	77	28	1
875542532_8a5097093e_1219_10179259@N00.jpg
852	208	892	206	75	2
292	108	328	110	75	2
524	140	558	134	28	2
138	176	176	180	51	1
464	196	496	188	28	1
702	146	736	150	51	1
875565278_499c5344bb_1212_10179259@N00.jpg
354	88	374	90	75	2
508	106	526	102	28	2
174	90	192	90	28	2
270	102	288	104	28	1
738	156	756	156	28	2
680	136	698	136	28	1
608	146	626	146	51	1
852	178	868	178	28	1
473	131	492	128	28	1
875577952_3a1ff677bd_1021_10179259@N00.jpg
94	120	144	120	51	2
874	150	918	142	51	2
236	148	278	132	51	1
448	188	486	184	28	1
534	156	576	154	28	2
736	170	774	168	51	1
900601939_34000651de_1289_8584264@N02.jpg
560	256	586	256	28	2
680	222	704	222	28	2
830	250	854	248	28	2
438	322	462	320	28	1
314	322	336	322	28	1
520	170	538	168	28	2
246	246	268	244	28	1
420	220	442	218	51	1
802	164	820	162	28	2
354	198	372	196	28	1
130	192	150	190	28	1
900607003_73e77d786b_1052_8584264@N02.jpg
392	338	414	328	28	1
746	254	770	252	28	2
550	174	570	176	28	2
650	230	672	232	28	2
318	228	340	226	51	1
236	252	258	248	28	1
784	160	800	160	28	2
238	344	258	344	28	1
54	220	74	218	28	1
479	290	503	280	28	2
900616953_0dafbc1c5e_1406_8584264@N02.jpg
560	262	578	262	28	2
152	280	168	282	75	2
320	236	334	234	51	2
722	258	738	256	28	2
492	302	510	306	28	1
252	314	270	312	75	1
374	314	390	312	75	1
464	170	478	170	51	2
106	246	122	246	75	2
860	264	876	264	51	2
412	272	424	272	16	2
190	289	207	291	51	1
217	236	235	236	28	1
249	194	264	194	51	1
503	250	519	247	51	1
605	206	617	206	51	1
654	229	668	226	28	2
757	207	773	207	28	1
797	245	812	247	51	1
849	215	863	215	28	2
912	279	927	279	51	1
900638837_1503affe89_1393_8584264@N02.jpg
296	436	336	442	28	1
460	432	496	438	51	1
240	308	274	314	28	1
158	420	194	430	28	1
418	338	452	342	28	1
322	262	356	270	28	1
900658557_3b0af0efb4_1037_8584264@N02.jpg
522	312	558	308	28	2
698	294	730	292	51	1
380	198	408	194	28	1
600	290	628	286	28	1
234	270	258	264	28	1
900667857_94f50be660_1220_8584264@N02.jpg
468	348	504	346	28	2
310	266	342	276	28	2
770	238	800	236	28	2
386	160	414	162	28	2
584	274	614	266	28	2
522	176	550	174	28	2
900713611_e8f95ecd3b_1120_8584264@N02.jpg
316	793	358	785	5	1
290	196	330	198	28	1
586	634	626	638	5	1
34	342	68	346	5	2
612	444	644	448	5	2
900766549_1df86897d8_1133_8584264@N02.jpg
454	284	480	286	28	2
776	308	800	308	75	2
582	298	606	296	28	2
230	288	252	290	75	2
508	218	530	222	51	1
626	170	648	172	51	2
352	284	374	282	75	1
728	288	748	288	75	1
900769507_14ee4e3858_1181_8584264@N02.jpg
208	298	232	302	75	2
796	324	818	324	75	2
564	308	590	308	28	2
476	232	498	236	51	1
436	298	458	300	28	2
316	298	336	292	75	1
594	184	616	186	51	2
708	300	730	300	75	1
900778973_25890d0c58_1328_8584264@N02.jpg
306	272	332	270	28	2
120	286	144	288	75	2
376	342	404	338	28	1
230	278	252	274	75	1
778	284	800	284	75	2
598	280	622	284	28	2
532	320	558	318	28	1
546	158	568	158	51	2
418	206	442	206	51	1
688	266	710	266	75	1
900791223_13d7b7ea96_1370_8584264@N02.jpg
496	218	522	216	28	1
136	178	164	180	28	1
746	184	772	180	51	1
632	242	658	242	28	1
322	208	346	208	28	1
900856427_cac3e47424_1035_8584264@N02.jpg
202	254	236	254	28	2
786	194	820	192	51	2
474	246	506	250	51	1
340	310	372	316	28	1
626	228	658	230	51	1
900900845_0090a804a5_1112_8584264@N02.jpg
496	296	518	294	28	2
366	296	386	294	51	1
192	302	210	306	28	2
440	336	458	344	28	1
348	198	364	198	51	2
494	202	510	204	75	2
246	278	264	276	28	1
412	168	428	170	51	2
808	250	824	246	75	2
696	298	712	298	75	1
794	312	812	314	28	1
576	210	592	208	28	1
116	262	134	264	75	1
139	183	156	182	75	2
581	293	597	293	75	1
742	393	757	392	1	1
789	368	804	378	51	1
908	280	927	284	51	2
901459926_083c42d6d2_1012_8584264@N02.jpg
506	266	532	262	28	2
432	324	456	330	28	1
740	266	764	262	28	2
600	232	624	228	28	2
482	182	502	180	51	2
804	204	828	206	28	2
244	334	268	332	28	1
274	210	292	208	28	1
354	228	378	228	51	1
738	174	756	170	28	2
184	258	206	258	28	1
72	206	92	204	28	1
901468424_4316c47e4f_1283_8584264@N02.jpg
576	218	604	222	28	2
676	188	700	192	28	2
596	134	616	134	28	2
822	214	848	212	28	2
280	208	302	208	28	1
412	290	436	288	28	1
866	122	886	128	28	2
258	306	278	304	28	1
102	170	122	168	28	1
326	154	344	154	28	1
370	196	386	179	51	1
901477298_b3fe46e3f6_1193_8584264@N02.jpg
272	324	290	324	75	1
572	274	590	272	28	2
502	314	520	316	28	1
340	244	354	244	51	2
878	274	894	274	51	2
932	290	948	290	51	1
386	324	402	322	75	1
738	268	754	268	28	2
482	182	498	180	51	2
670	244	684	242	28	2
626	216	640	214	28	1
428	280	442	280	10	2
167	292	182	291	75	2
205	299	222	301	75	1
237	247	252	246	51	1
264	205	279	205	51	1
124	259	138	259	75	2
773	220	789	220	51	1
814	256	830	256	51	1
865	228	884	229	28	2
518	261	534	260	75	1
901490906_cae2faa3cd_1163_8584264@N02.jpg
296	436	336	442	28	1
460	432	496	436	51	1
156	418	194	428	28	1
240	306	276	312	28	1
418	336	452	342	28	1
322	262	356	268	28	1
901542070_d242c93ed1_1336_8584264@N02.jpg
608	242	630	240	28	2
818	228	838	228	28	2
664	198	684	198	28	2
530	288	550	292	28	1
876	176	894	176	28	2
374	230	390	226	28	1
386	296	406	296	28	1
322	408	338	410	10	2
598	134	616	132	28	2
506	188	524	190	51	1
196	262	214	258	28	1
140	464	156	464	5	2
838	482	854	478	5	1
534	134	550	134	28	2
420	170	436	172	28	1
766	466	784	466	5	1
901708940_dfb4c7c561_1163_8584264@N02.jpg
202	254	236	254	28	2
786	194	820	192	51	2
474	246	504	250	51	1
628	230	658	230	51	1
340	312	372	316	28	1
912199231_4170bee91a_1410_83371770@N00.jpg
117	112	132	113	28	2
282	95	295	94	28	2
248	140	262	140	28	2
175	96	188	97	28	2
406	134	419	134	28	2
372	93	384	91	28	2
133	51	144	50	28	2
234	67	245	67	28	2
328	87	338	86	51	2
349	38	360	37	28	2
275	43	285	44	28	2
208	50	219	50	28	2
