1000306439_a1744969b8_1369_11099615@N00.jpg
261	143	271	143	16	2
295	118	304	117	16	2
216	160	225	160	16	1
181	125	192	126	51	1
230	126	238	124	51	2
1001738864_d4cb853874_1186_40124061@N00.jpg
374	78	395	73	28	2
99	63	119	64	28	2
235	110	254	108	51	2
1002585912_42de35c492_1405_44711882@N00.jpg
538	262	564	262	51	2
640	308	666	310	28	1
422	316	446	322	51	1
292	278	316	289	28	2
1003692712_3e4e298009_1180_7467212@N04.jpg
366	122	420	126	28	2
616	240	666	244	28	1
462	626	497	595	5	1
1011925598_aa9e47e53e_1366_69215398@N00.jpg
105	140	144	136	51	1
334	112	375	115	28	2
241	201	279	201	5	1
1012374989_23b999f21e_1116_8450063@N08.jpg
188	184	216	185	28	1
266	221	293	219	5	1
107	159	132	179	28	2
1012809184_655c160dbf_1287_18962472@N00.jpg
622	218	668	216	28	2
306	272	352	278	28	1
527	444	560	455	1	2
1016545105_873840a508_1150_92729647@N00.jpg
434	144	492	146	28	1
572	332	624	316	28	2
551	574	589	563	1	1
1017120681_e00da7dcef_1316_10975509@N03.jpg
230	58	243	58	28	2
308	78	321	78	51	1
138	52	150	52	51	2
1019616561_feed94da1f_1398_60792219@N00.jpg
754	350	810	352	16	1
470	278	526	278	16	1
578	252	628	256	16	1
343	311	391	319	16	1
1021735753_12d6e849e9_1052_17012619@N00.jpg
762	342	828	348	5	2
576	158	634	144	28	2
204	304	253	330	28	1
347	501	374	527	1	2
1022854323_d2835addda_1045_45795741@N00.jpg
163	148	227	141	51	1
329	149	396	141	75	1
1022990207_bf29b1d778_1214_50224145@N00.jpg
366	676	400	680	1	2
434	422	454	420	28	2
258	406	278	404	28	1
1022998857_bd42ab85a1_1210_50224145@N00.jpg
686	358	726	356	28	1
444	352	488	356	28	2
354	556	394	560	1	2
1023023109_e1c3fd3ecf_1195_51783879@N00.jpg
133	102	166	105	51	1
231	92	261	89	28	1
274	233	301	233	1	2
1023859710_4fa2ceea46_1125_50224145@N00.jpg
522	356	566	358	28	1
340	436	384	440	1	2
1024417205_acaf9c5938_1288_96603368@N00.jpg
193	115	237	101	28	1
88	286	128	303	10	2
167	297	199	308	10	2
1024436545_147e615323_1170_96603368@N00.jpg
141	228	175	234	28	1
58	277	83	279	1	1
193	84	226	75	28	2
1024440819_146afc75db_1390_96603368@N00.jpg
73	158	134	167	28	2
256	225	304	227	1	1
1024919820_be0ff5b20a_1055_93205202@N00.jpg
840	152	908	154	28	2
140	274	204	270	28	1
466	266	520	268	51	1
1025286614_336f91364e_1306_96603368@N00.jpg
108	206	138	213	28	1
182	89	210	93	28	2
180	262	202	264	1	1
1025292092_325b3df405_1153_96603368@N00.jpg
319	87	348	95	28	2
165	150	193	150	1	2
81	185	107	170	28	1
1025296488_4712c26a4f_1160_96603368@N00.jpg
348	60	373	63	28	1
365	236	385	239	1	1
267	64	289	73	28	2
1025297682_1c31d18f0a_1370_96603368@N00.jpg
167	71	190	73	28	1
321	80	344	86	28	2
225	131	243	130	1	1
1025838985_3ec98cd09c_1127_59496256@N00.jpg
302	272	354	280	51	1
508	272	552	262	75	1
1029898092_aa087e9e63_1409_58385743@N00.jpg
346	153	368	152	5	1
176	71	198	72	28	2
272	81	291	81	28	1
1030741878_6399e18431_1337_50361459@N00.jpg
458	226	500	226	28	2
252	340	290	346	28	1
1031582237_8c2f40b7cb_1143_17284432@N00.jpg
616	192	652	190	51	2
456	310	492	308	51	1
290	300	316	306	16	1
618	454	654	458	5	2
1031755873_0b5712d533_1342_90322259@N00.jpg
484	208	530	202	51	2
324	334	370	330	51	1
1031954059_d2a86414ab_1288_26801567@N00.jpg
378	158	416	164	51	1
658	170	692	164	16	2
546	300	574	302	5	2
1033109923_7d9e94f70d_1130_10141647@N06.jpg
368	320	496	306	75	1
626	318	738	300	16	1
1033395195_62df0f87cc_1134_97355450@N00.jpg
206	196	268	186	28	2
868	302	924	304	28	1
582	502	634	500	5	2
1040286425_229cece8b3_1206_72867307@N00.jpg
260	117	294	108	28	2
127	157	152	146	28	1
108	255	141	254	5	2
1045766465_e100c8ec34_1333_73954615@N00.jpg
205	216	223	210	28	2
135	201	152	201	28	1
164	261	177	262	1	2
1053122746_450fa08f9e_1077_16274418@N00.jpg
305	65	321	63	28	2
305	143	319	145	5	1
170	58	185	57	28	1
352	190	369	193	1	2
1055337527_747e5527cc_1344_11170286@N04.jpg
540	262	612	270	28	1
534	608	576	618	1	2
342	228	401	193	28	1
1055590294_bd02a15b2c_1039_30575157@N00.jpg
396	364	486	340	28	2
216	238	296	250	28	1
1056343083_e7af8520a8_1389_65039176@N00.jpg
562	122	590	114	28	2
314	196	336	194	28	1
360	224	380	222	1	2
1057603342_62e5e1d088_1122_8425508@N02.jpg
450	122	482	124	28	1
532	108	566	106	28	1
1061457666_a17b95b6f0_1182_9997865@N04.jpg
266	175	353	148	28	1
96	202	171	191	5	1
1063629576_ff36dc0798_1427_9367884@N08.jpg
250	160	352	178	28	2
730	340	826	340	28	1
474	542	544	536	1	2
1067150373_dd9585f7ff_1386_10632339@N03.jpg
262	178	300	184	28	1
414	316	444	314	5	1
618	276	646	274	1	1
685	109	723	97	28	2
1070564300_c26b0d26ef_1437_25706268@N00.jpg
718	310	788	310	28	1
542	566	596	568	1	1
437	158	511	167	28	2
1072641735_ef8824c70a_1256_11026324@N06.jpg
128	53	151	54	28	2
277	82	298	81	28	2
1073956294_88215d2e18_1324_60122955@N00.jpg
411	170	459	175	28	1
331	254	368	250	1	2
242	157	287	175	28	2
1074033897_3d2ea8c384_1191_80736443@N00.jpg
496	336	532	340	28	1
360	326	396	332	28	2
1074593082_4527eae203_1118_46258685@N00.jpg
730	298	798	290	51	2
352	248	412	260	51	1
1077664026_f71810e7d8_1209_9200789@N05.jpg
304	780	400	780	51	2
354	174	430	186	5	2
1080795083_0bb0057629_1080_41938940@N00.jpg
184	163	200	165	28	2
123	115	139	117	28	1
1083863561_e3fea25668_1382_82369084@N00.jpg
246	360	294	366	28	2
208	616	248	616	1	1
396	408	436	375	51	1
1088737189_94db90690d_1022_70069138@N00.jpg
442	206	492	208	28	2
282	308	336	310	28	1
1089602880_3cb8efcdf6_1311_70069138@N00.jpg
440	178	496	182	28	2
290	252	350	256	28	1
1097652191_60cae41513_1129_11316752@N05.jpg
224	180	292	206	51	1
268	406	330	406	1	2
1097658785_9c023ea3ac_1359_11316752@N05.jpg
364	330	392	328	28	1
390	616	414	616	1	2
1099341030_84dd661f86_1426_8720628@N04.jpg
254	210	322	218	51	2
500	226	564	220	28	2
744	292	802	286	51	1
1102730963_fd5d059e4a_1198_60906818@N00.jpg
288	223	329	217	51	2
132	92	173	96	28	1
1112369208_9494ca7d5a_1196_35369784@N00.jpg
358	214	398	214	5	2
576	562	622	566	16	2
222	578	268	576	16	2
1114157038_2992fd1045_1036_11417599@N04.jpg
570	178	646	160	28	2
390	206	456	196	28	1
272	352	312	350	1	1
1114628677_730b011c1e_1053_71017387@N00.jpg
115	57	143	58	28	2
333	88	359	89	28	1
212	107	234	112	5	2
280	206	295	194	1	2
1117311341_5ec6dec4fd_1137_12349681@N00.jpg
188	196	272	194	28	1
380	308	454	320	28	1
1118502221_5e171b7f24_1287_21974809@N00.jpg
164	148	220	150	16	1
464	192	522	190	16	1
1119389670_5b54e1214b_1015_21974809@N00.jpg
430	282	488	290	16	2
290	266	348	276	16	1
1122042368_03acb9393e_1075_11455040@N03.jpg
186	161	216	162	28	2
67	170	96	167	28	1
139	275	162	270	1	2
1123306967_34181f7817_1370_21974809@N00.jpg
518	262	568	266	16	2
278	138	324	140	51	2
1124169450_f421e70347_1436_21974809@N00.jpg
216	136	260	138	51	2
718	160	764	150	51	1
420	202	462	200	16	1
1125435988_a48ec1a190_1021_25351620@N00.jpg
312	110	327	109	51	2
194	118	206	118	28	1
227	169	237	168	5	2
1131033487_efaf9a7c8b_1412_7926772@N05.jpg
210	276	278	286	51	2
470	302	524	302	28	2
752	462	808	466	51	1
1131421798_ce7a05af02_1155_11303873@N05.jpg
217	123	229	124	28	2
272	145	283	147	28	1
1132538026_50a6fd60f7_1126_41894184336@N01.jpg
148	42	172	47	28	2
200	146	218	146	1	2
254	52	277	60	28	1
1132921758_2fbe30132d_1074_55359780@N00.jpg
304	208	362	212	28	1
638	162	694	156	28	2
500	437	537	436	1	1
1133230104_20edc3b83f_1280_73199923@N00.jpg
182	298	260	276	51	1
404	452	478	448	1	2
1139780716_f5d024b4d8_1421_64808341@N00.jpg
150	150	192	151	51	2
287	217	323	213	51	1
176	318	211	317	5	2
1141131647_301c1a6869_1392_33084706917@N01.jpg
436	192	490	202	28	2
654	230	704	226	28	1
596	448	632	450	1	2
1142032443_ad65fe87e3_1070_42788859@N00.jpg
676	206	820	190	28	1
244	300	372	280	28	1
1149278155_462c1710db_1207_89874168@N00.jpg
312	127	345	130	5	1
220	169	251	173	1	1
1161504315_fd5eba060a_1431_61275805@N00.jpg
117	170	195	168	51	1
352	168	422	168	1	2
1169616165_db57753048_1098_85498673@N00.jpg
112	156	154	173	28	1
140	348	183	351	1	1
235	179	285	161	28	2
1170684627_51d57fe23f_1133_60978342@N00.jpg
173	134	208	137	28	1
259	83	297	79	28	2
1171526294_769d3037be_1431_60978342@N00.jpg
344	190	383	194	51	1
208	95	248	95	28	1
1175782997_c5c07a6f9c_1416_26715012@N00.jpg
196	244	238	248	28	2
560	252	602	256	28	1
85	530	104	504	1	2
1176585561_fd6743e60e_1345_19283506@N00.jpg
220	100	254	90	51	2
351	115	381	116	28	2
141	150	170	149	28	1
1177180817_949d6fc299_1027_11554691@N07.jpg
164	161	193	155	51	2
143	269	172	267	51	1
1177664576_4af08a52e6_1054_11593084@N08.jpg
147	57	182	59	28	2
91	87	121	99	28	1
1181636712_5068d97e01_1357_38058144@N00.jpg
524	100	568	106	28	1
246	64	296	66	28	2
388	216	432	216	1	2
1187658477_c504dbee20_1149_46447252@N00.jpg
214	192	266	196	28	1
552	140	606	144	28	2
346	258	390	260	1	1
1188023680_09453c7963_1316_11837207@N06.jpg
552	216	636	196	28	2
164	348	242	350	51	1
400	660	456	658	1	2
1189505119_ad54507504_1166_11895124@N08.jpg
594	158	640	154	28	2
432	208	480	212	28	1
370	380	408	376	1	2
1195746005_c394da6019_1310_40799020@N00.jpg
368	152	394	150	51	2
55	216	76	216	51	1
203	192	223	190	75	2
1206904193_7bc768b112_1120_68574102@N00.jpg
624	188	700	196	28	1
444	354	500	348	5	1
280	158	364	157	51	2
1215597989_ac83e0f49a_1176_73783310@N00.jpg
81	125	114	127	10	2
206	169	236	171	5	1
1215684034_52aca55f5d_1145_10480146@N08.jpg
594	148	626	150	28	1
538	252	560	252	1	1
372	130	406	128	28	2
1217729224_be859d46bb_1276_11970109@N06.jpg
578	206	676	244	28	1
354	288	440	298	1	1
1217996547_019acb6dd1_1413_51035597898@N01.jpg
178	224	193	226	28	2
227	260	240	259	28	1
1218230297_ee5b93473d_1142_11932771@N02.jpg
198	105	223	105	28	2
266	113	286	116	28	1
264	181	282	183	1	2
1223774624_cc0dd7dacd_1128_12058627@N02.jpg
406	172	480	184	51	2
270	404	346	410	28	1
1223967409_1db33a2c59_1412_19503391@N00.jpg
248	438	350	438	28	1
732	338	852	308	51	1
1224822216_74968e8928_1334_19503391@N00.jpg
610	430	746	366	28	1
160	358	306	368	28	1
1225417469_7cf9eca027_1402_8361589@N07.jpg
119	88	177	88	28	1
293	103	341	107	28	2
1229656197_3518210101_1063_43786265@N00.jpg
356	272	412	284	28	2
536	374	582	372	28	1
712	304	748	302	28	2
1236459089_f6275a134c_1367_73439432@N00.jpg
250	362	322	350	16	1
410	340	480	336	51	1
1237431603_8a7e2bad25_1231_15979795@N00.jpg
468	340	514	334	28	1
478	532	514	536	1	2
581	332	624	315	28	2
1238289544_7685bc980d_1254_15979795@N00.jpg
422	282	452	282	28	1
432	400	456	400	1	2
493	259	522	251	28	2
1238298630_81d73b974c_1294_15979795@N00.jpg
610	304	658	306	28	2
470	340	518	334	28	1
514	528	548	536	1	2
1244930675_151f3f7624_1255_82369084@N00.jpg
210	156	280	182	28	2
656	280	728	282	51	1
544	458	594	454	1	1
1245057832_869ee5c253_1031_94709049@N00.jpg
390	250	446	256	28	2
472	388	524	388	28	1
186	480	230	480	1	2
1252270328_2090820042_1298_44301453@N00.jpg
112	235	145	237	5	1
362	246	388	252	1	1
232	79	261	72	51	1
1253014757_9df2cd3640_1216_17731548@N00.jpg
232	172	322	196	28	2
506	224	606	204	28	1
320	392	398	402	5	1
1254794261_031a85b727_1118_12072086@N04.jpg
580	396	634	388	75	2
382	182	432	196	75	1
1258834663_0e50e2b0a8_1223_17659717@N00.jpg
153	130	182	138	28	1
234	190	258	186	1	2
277	85	309	74	28	2
1260603657_28aca85d0d_1073_11123920@N07.jpg
390	308	428	306	51	2
154	368	192	366	5	2
442	462	476	464	1	1
1261269953_3a7cc76b07_1375_72627672@N00.jpg
140	73	204	68	75	1
304	134	355	140	1	2
1261797390_d3717d8783_1333_70587588@N00.jpg
378	240	450	238	28	1
492	470	550	470	1	1
554	191	628	158	28	2
1263023732_4b1f5e169f_1141_12324936@N03.jpg
164	118	182	122	28	2
241	120	261	124	28	1
194	145	209	141	1	1
1265024416_656b01797f_1217_11751694@N05.jpg
672	148	696	146	28	2
606	238	626	234	28	1
1272729429_260360ce7a_1038_7844374@N05.jpg
188	72	204	71	75	2
116	144	129	144	75	1
1272740422_f8c6077997_1245_65605251@N00.jpg
140	182	168	180	51	1
213	153	233	154	1	1
257	140	283	132	51	2
1272744092_c500b87065_1106_65605251@N00.jpg
173	193	195	200	51	1
226	206	244	205	1	1
268	169	289	157	51	2
1273165193_cf9e7b2a9c_1370_11047904@N08.jpg
113	118	147	105	28	1
190	116	215	112	5	1
86	198	113	184	5	1
1277882948_d6b2dc74a3_1319_54925118@N00.jpg
530	198	558	202	28	2
604	218	630	212	28	1
686	276	708	274	1	1
1282178890_514f2e752a_1201_10202105@N08.jpg
616	208	640	206	28	2
470	246	492	246	28	1
600	341	615	347	1	2
1282404605_9bc0adf418_1253_67017883@N00.jpg
306	127	337	124	5	1
145	150	172	153	1	2
1282405921_e2e79b9098_1047_67017883@N00.jpg
178	160	209	163	28	2
103	191	130	183	28	1
1282406803_59d35920c9_1121_67017883@N00.jpg
253	145	273	146	28	2
292	111	312	113	28	1
1283272268_0a14d88db1_1006_67017883@N00.jpg
259	222	282	222	1	2
202	212	223	216	28	1
1288543080_17d9b257e0_1187_7212402@N03.jpg
284	450	384	458	28	1
486	576	550	568	1	2
637	406	724	366	28	2
1290293143_77293d9aba_1052_15636197@N00.jpg
234	184	326	192	16	2
568	252	658	238	16	1
1291097519_776cef2675_1369_11744506@N04.jpg
562	202	668	200	28	1
286	260	384	262	28	1
1292201477_fc92eee97f_1208_26883195@N00.jpg
230	314	358	314	28	1
432	642	526	656	5	2
1296904543_c9d5cffd33_1343_44124395790@N01.jpg
218	133	244	127	28	2
111	123	136	131	28	1
136	243	156	243	1	1
1297338477_a3f47a31b5_1250_43097621@N00.jpg
220	138	332	160	28	2
420	262	516	242	28	1
1305864463_541a574e88_1025_88506093@N00.jpg
258	288	284	290	51	2
360	518	382	518	5	2
416	320	438	324	51	1
1306365830_7c39193219_1350_8771767@N03.jpg
224	128	243	129	28	2
268	197	281	197	1	2
269	128	290	127	28	1
1307783550_44c615a879_1001_74762283@N00.jpg
141	68	159	66	51	1
180	112	195	116	16	1
1312337436_d391facf0d_1298_58007561@N00.jpg
568	172	600	176	51	2
400	336	432	340	10	2
467	247	497	261	51	1
1315861581_5f43fab819_1110_17093421@N00.jpg
654	110	680	110	28	2
502	148	530	148	28	2
782	116	808	114	28	2
1315943131_11fd9834fa_1114_17093421@N00.jpg
626	136	698	138	28	2
420	350	500	334	28	1
1315950367_631892dccd_1368_17093421@N00.jpg
684	100	714	98	28	2
382	132	410	134	28	2
546	88	574	90	28	2
1316710706_6916868a57_1434_17093421@N00.jpg
160	121	179	119	5	1
80	159	98	160	5	1
1317003798_14bd79d6dc_1285_8594603@N04.jpg
554	250	604	242	28	2
362	312	404	310	28	1
470	316	507	321	1	1
1320903431_f6d345bda2_1425_8242299@N04.jpg
280	290	392	324	1	2
776	248	832	238	1	2
1324785903_e3a7ca69a6_1362_10631557@N05.jpg
134	74	146	74	28	2
182	76	193	77	28	1
1325683442_0dc9859b71_1273_10631557@N05.jpg
228	85	252	82	28	2
102	177	125	179	28	1
187	206	202	204	1	1
1325945621_911abcafe7_1374_81532520@N00.jpg
450	278	488	272	28	1
672	146	712	140	28	2
552	290	582	282	1	2
1327422824_4d73707517_1009_12623396@N04.jpg
350	278	394	282	28	2
454	286	492	292	28	1
442	502	476	504	1	1
1330545713_549739901a_1229_57166958@N00.jpg
590	236	694	220	28	1
406	418	500	436	5	1
178	260	272	310	28	2
1338928918_d57d3d9007_1144_7958515@N07.jpg
324	646	396	648	28	1
256	380	310	376	16	2
410	220	462	220	16	1
1340665707_088079ff9f_1202_12884324@N06.jpg
344	254	424	252	51	1
170	314	244	304	28	1
1340783781_8ad45c1957_1071_12884324@N06.jpg
672	186	722	178	28	2
332	132	376	136	1	2
1349917655_946aab7dc2_1198_74723961@N00.jpg
179	120	214	110	28	2
71	174	97	173	5	2
187	308	211	317	1	2
1349918041_c8cc85664f_1248_74723961@N00.jpg
178	140	217	133	28	2
177	294	206	297	1	2
85	230	115	234	5	2
1351675609_1139b47e5b_1380_11812618@N02.jpg
412	346	434	348	51	1
282	348	304	350	51	1
1351689803_5681a505a9_1314_11812618@N02.jpg
376	218	430	218	51	2
602	290	650	292	51	1
1351702591_617a4dc842_1070_11812618@N02.jpg
404	274	460	278	51	1
700	270	744	274	51	1
1351738853_e77fd11921_1001_11812618@N02.jpg
256	450	276	450	51	2
336	476	352	476	51	1
1352619846_951417fd66_1382_11812618@N02.jpg
402	210	450	198	28	1
270	280	310	280	28	1
1353572935_c3c98d56e7_1113_48661282@N00.jpg
486	138	516	130	28	2
382	186	414	188	28	1
438	310	462	310	1	1
1354530214_a7409fc693_1175_43866013@N00.jpg
213	94	232	94	28	2
287	130	306	131	28	1
179	127	191	127	1	2
1355083651_28e3ae6258_1179_12607027@N04.jpg
574	194	622	180	28	1
478	198	520	204	28	1
260	244	312	264	28	1
1356794484_3952204432_1380_83187206@N00.jpg
194	287	226	282	10	2
166	134	185	137	5	1
1361694790_cf5d9ad40a_1255_61935966@N00.jpg
528	290	548	290	28	1
484	394	500	396	1	2
471	302	492	313	28	2
1364175481_ebec946d86_1269_9147790@N08.jpg
668	218	738	206	28	2
94	280	160	276	28	1
582	408	634	410	1	2
1364899661_73674c3377_1015_7626129@N04.jpg
366	136	404	136	28	1
142	100	178	101	28	2
233	287	260	287	1	2
1364900733_01d99b4b66_1180_7626129@N04.jpg
268	132	281	129	28	1
202	121	214	122	28	2
223	175	233	174	1	2
1368653206_862ab50d1c_1060_13366450@N07.jpg
302	174	364	180	28	2
652	314	704	308	28	1
484	215	541	215	51	1
1368912795_ed45e4c708_1227_50924698@N00.jpg
252	328	296	334	28	2
402	442	444	438	28	1
346	554	374	556	1	2
1369485894_70172d1f42_1310_7217186@N03.jpg
354	240	412	242	28	1
240	412	302	406	28	2
1371027110_ad2188683a_1379_98039838@N00.jpg
590	272	698	268	28	2
408	234	508	232	28	1
169	437	245	412	1	2
1372249647_1eac2cb3c5_1259_40808145@N00.jpg
400	254	420	256	28	2
518	270	540	270	28	1
663	280	686	280	51	1
1373075036_75c0231f15_1239_40808145@N00.jpg
378	260	424	260	28	1
592	200	636	204	28	2
521	463	553	476	1	1
1376293540_4ede7a9d44_1268_7217186@N03.jpg
374	302	428	288	28	1
212	278	268	280	28	2
1381110515_d43ca688b8_1109_82873804@N00.jpg
448	216	494	214	28	1
302	190	348	184	28	2
1382068169_784d243faa_1425_70728159@N00.jpg
468	182	514	190	51	1
266	388	304	388	5	2
675	387	713	372	5	2
1382085115_5934c6a45a_1044_70728159@N00.jpg
320	530	344	532	5	2
268	228	292	230	51	1
202	456	220	458	5	2
1382974344_934a683ca0_1082_70728159@N00.jpg
338	262	398	262	5	2
530	332	568	348	5	2
1384022938_a2b1514816_1063_13168238@N05.jpg
552	230	642	216	28	2
364	272	434	290	28	1
462	446	514	452	1	2
1384131681_ab26668cb2_1207_64327758@N00.jpg
464	284	556	302	28	1
306	282	378	264	1	2
1387366601_0e7c277462_1097_40022587@N00.jpg
197	129	213	133	28	1
158	106	175	106	28	2
122	113	137	112	5	2
1387379983_d6986f1330_1436_7604951@N07.jpg
512	244	552	248	28	2
668	290	712	296	51	2
319	219	352	246	51	1
1387995037_f8e3e176bc_1160_8743210@N04.jpg
642	296	724	300	51	2
106	322	180	308	51	1
336	236	402	238	10	2
1387997155_43f62281f8_1392_8743210@N04.jpg
402	292	470	296	51	2
135	84	196	80	51	1
590	188	651	178	10	2
1388000317_9642aabbe1_1392_8743210@N04.jpg
184	64	246	58	51	2
656	262	716	264	10	2
372	128	424	120	51	1
1388013935_224ca30dcf_1305_8743210@N04.jpg
518	146	546	152	51	2
200	214	230	214	16	2
1393844267_8aa5222484_1007_56428209@N00.jpg
128	105	179	108	51	1
263	120	306	107	51	2
1395311250_16d799f14b_1398_55642337@N00.jpg
266	63	283	60	28	1
167	93	185	95	28	2
243	129	260	129	75	1
1397203687_af4260ec68_1277_56536686@N00.jpg
141	117	161	113	28	2
180	106	197	98	28	1
172	302	179	284	5	2
1399113475_0b9bd56d0f_1330_39437954@N00.jpg
170	190	242	182	28	2
372	428	438	406	28	1
244	446	292	436	1	1
1399208437_eec37b3014_1345_84051789@N00.jpg
241	123	266	124	28	2
146	148	170	147	28	1
266	208	287	209	1	2
1399308627_aceaa9f276_1429_11322101@N06.jpg
448	96	496	106	28	2
620	142	666	136	28	1
1399321547_14c7fb253c_1347_11322101@N06.jpg
800	208	876	212	28	2
364	250	434	252	28	1
146	500	208	502	1	1
1401830889_d5f9f53018_1419_68003535@N00.jpg
212	454	292	464	28	1
482	498	548	492	1	1
851	229	759	224	28	2
1402951259_842e5606eb_1043_11005078@N03.jpg
224	386	294	382	28	1
556	252	622	236	28	2
421	631	470	646	1	2
1403500390_b7afc35738_1394_98457589@N00.jpg
458	308	496	302	28	1
562	208	600	204	28	2
292	432	319	432	1	2
1403922117_2d6f18ae67_1338_24486548@N00.jpg
708	224	760	226	16	1
448	142	498	148	5	1
588	348	638	350	5	1
1404908834_25dd0cdb26_1014_73574217@N00.jpg
286	170	332	172	28	2
578	542	614	534	5	1
492	270	528	278	28	1
1405084309_7420765ca9_1161_24486548@N00.jpg
388	138	414	144	16	1
464	204	490	200	5	1
326	184	350	184	5	1
1405086939_7e3d8fce21_1438_24486548@N00.jpg
690	290	762	272	5	1
452	272	520	280	5	1
1406229280_bb14e28896_1310_10754171@N03.jpg
166	68	191	69	28	2
282	100	306	94	28	1
1406251636_9dca9002f6_1117_11653009@N08.jpg
275	111	295	106	28	1
189	104	203	102	1	1
232	103	251	101	28	2
1408640827_21ed139dcd_1096_11282681@N00.jpg
612	282	640	280	28	1
480	392	500	392	1	2
324	313	351	323	28	2
1408739433_f2eff1dce6_1396_33218299@N00.jpg
316	272	390	296	28	2
432	387	506	408	28	1
1410487370_6a197a2bed_1140_60648671@N00.jpg
568	178	642	162	28	2
238	270	300	268	28	1
416	386	468	380	1	2
1412556621_0048b9ca58_1379_80282658@N00.jpg
349	138	396	127	28	2
253	147	301	141	28	1
156	177	201	179	1	2
1412907249_1ba5a65c23_1211_13413102@N04.jpg
458	372	508	380	28	1
290	310	340	318	28	2
632	348	678	346	28	1
1414074263_1c0ecb2e02_1015_12831875@N04.jpg
199	114	220	119	28	2
255	150	275	150	28	1
251	252	265	254	1	2
1415217793_f30c8ff7ed_1254_90974604@N00.jpg
216	159	250	159	28	2
92	232	123	235	28	1
91	349	118	350	1	2
1416001310_260547f8fa_1389_34385941@N00.jpg
114	108	147	95	28	2
184	106	209	107	1	1
1417123715_4b502f1a43_1125_88977232@N00.jpg
730	234	842	250	28	2
178	316	288	298	28	1
490	370	560	380	1	2
1419205265_147a41eefc_1214_12727673@N02.jpg
259	121	277	120	51	2
216	140	230	140	1	2
201	111	185	111	28	1
1419625162_3074be5b59_1232_11147942@N07.jpg
118	213	170	219	28	1
291	111	338	109	28	2
1420582515_c2c7cfc9fd_1241_13600966@N08.jpg
380	136	424	146	28	2
548	184	584	188	5	1
475	255	502	264	1	1
1424342591_746bb33bf4_1201_10591108@N02.jpg
144	109	186	102	5	1
336	136	375	135	1	1
1425004779_d389ba48df_1227_9520323@N04.jpg
159	87	188	89	28	2
279	121	306	123	28	1
337	219	360	220	1	2
1425004981_40281dfcbb_1356_9520323@N04.jpg
192	110	216	111	28	2
132	296	158	295	28	1
262	254	283	255	5	2
1425302821_609288dba6_1240_8868635@N07.jpg
686	260	730	262	51	1
420	312	458	316	28	1
530	206	568	192	28	1
1426370543_33b0813b9e_1169_71242171@N00.jpg
542	252	572	250	51	2
690	360	720	354	51	1
320	376	352	374	10	2
1427242704_147b152ffd_1416_71242171@N00.jpg
502	254	564	248	51	1
362	282	432	284	16	1
1427666973_8ff704db3f_1008_74121100@N00.jpg
382	300	402	300	51	1
470	326	490	322	28	1
400	382	421	381	1	1
1428425054_19f9b88798_1258_44124390152@N01.jpg
360	196	396	196	28	2
574	406	608	412	1	1
492	295	532	283	28	1
1429324149_133e21bd22_1321_50364326@N00.jpg
344	166	410	186	28	1
554	214	626	216	28	2
324	418	390	420	1	1
1430867148_3de1184915_1370_42869697@N00.jpg
296	128	352	130	51	2
564	242	622	246	51	1
1430933004_1282e2e3df_1120_83465736@N00.jpg
332	156	386	168	28	2
674	334	728	340	1	2
447	235	505	215	28	1
1431018862_ffd8aa00fa_1058_83465736@N00.jpg
190	56	258	68	28	2
442	136	506	142	28	1
654	292	714	292	1	2
1431151650_9033ff77fa_1433_82816198@N00.jpg
358	180	442	200	28	2
748	414	814	424	28	1
598	564	648	562	1	1
1431777050_4d62f942de_1313_59105317@N00.jpg
306	632	348	626	10	1
326	356	368	366	28	2
432	358	471	340	28	1
1432349299_a26d9cc830_1392_8180963@N03.jpg
153	134	204	123	28	1
309	203	355	203	5	1
1432349485_5b6b254791_1104_8180963@N03.jpg
283	144	334	141	28	2
100	201	142	208	5	2
1432349597_98c82c913d_1200_8180963@N03.jpg
137	152	190	135	28	1
324	202	371	205	5	2
1433225576_73c430eb66_1260_8180963@N03.jpg
159	147	207	153	28	2
263	152	309	154	28	1
1433759759_bd0020d503_1196_68245613@N00.jpg
286	202	332	192	28	2
408	194	446	186	10	1
175	279	211	264	10	2
1435627172_1d5a7fb199_1188_33218299@N00.jpg
462	72	508	50	28	2
380	172	430	186	28	1
1436655274_4429f2c1a9_1313_46488509@N00.jpg
166	150	226	152	5	1
367	228	420	236	5	2
1437274032_4ad22e0367_1353_8078387@N05.jpg
263	130	277	127	28	1
325	106	342	105	28	2
224	227	238	225	1	2
1438650913_c28c2eaf1a_1113_31703820@N00.jpg
96	99	133	97	51	2
268	205	299	203	51	1
382	180	411	176	28	1
1439536991_61d8d609e0_1437_45438431@N00.jpg
283	99	346	102	28	1
79	162	133	163	5	2
1439537501_788de2cf98_1158_45438431@N00.jpg
293	134	357	131	28	2
166	196	212	197	5	2
1440139755_f274df88c4_1101_56536686@N00.jpg
109	127	134	130	28	2
197	198	218	197	28	1
1440397514_358dba1051_1103_45438431@N00.jpg
300	115	362	119	28	1
95	178	149	179	10	2
1440574612_1ed70b4437_1006_12272921@N06.jpg
272	236	297	236	28	2
202	245	219	243	5	1
1442257673_2978f8cbfe_1413_10768045@N07.jpg
416	252	470	248	28	2
294	322	348	322	28	1
1442967328_78c5557038_1370_10768045@N07.jpg
584	232	638	230	28	2
270	402	316	398	1	2
448	311	497	338	28	1
1442967428_da18926beb_1121_10768045@N07.jpg
291	98	318	96	28	2
215	120	239	128	28	1
103	190	125	189	1	2
1443482247_50711cade3_1018_74467609@N00.jpg
596	216	622	212	28	2
448	246	476	240	28	1
528	302	548	298	5	2
1443768190_e948a7cd97_1020_82873804@N00.jpg
454	284	506	292	28	2
616	372	670	380	28	1
1444937567_5f99c7d681_1417_91924229@N00.jpg
384	168	442	172	28	2
588	258	630	266	28	1
478	294	524	294	5	1
1445832872_2fb2ed90bf_1058_20504126@N00.jpg
152	347	201	354	5	2
197	113	249	116	28	1
274	242	317	234	10	1
1447181959_d573674598_1202_91278406@N00.jpg
386	190	428	188	51	1
222	152	266	148	28	1
1447188195_db41807ed2_1021_91278406@N00.jpg
418	268	444	270	51	2
550	258	576	256	28	2
1452180185_a9be1daeb1_1250_69588662@N00.jpg
524	164	574	152	28	2
408	186	458	188	28	1
396	476	448	478	10	1
1452804049_17fa7a6d2d_1045_44759627@N00.jpg
109	138	153	143	28	2
173	240	215	234	28	1
1452804639_e12792008e_1160_44759627@N00.jpg
77	91	122	79	28	2
203	143	245	137	28	1
1452805119_8061fb6c8c_1227_44759627@N00.jpg
117	113	160	113	28	2
202	164	245	166	28	1
1455677759_3174cd0bb0_1181_14293872@N04.jpg
410	106	444	108	28	1
564	42	596	44	28	2
258	58	286	58	5	2
1456604871_89e7beff48_1091_23493604@N00.jpg
646	348	722	344	51	1
324	280	396	290	28	1
1456686485_c48a014d92_1424_13444884@N02.jpg
546	260	578	250	28	2
450	274	480	270	28	1
1457380146_9f548ee53b_1404_9068417@N07.jpg
386	360	438	364	28	2
200	240	250	242	28	1
595	474	616	504	1	2
1457439273_50fb11000e_1256_13936804@N02.jpg
382	624	430	622	5	2
278	260	316	250	5	1
376	225	424	214	28	2
1457870974_90b41c8431_1042_44124385307@N01.jpg
356	206	404	200	28	2
452	422	496	414	5	2
1458203567_b6db8162aa_1202_91323054@N00.jpg
706	170	766	168	51	2
504	250	556	252	16	2
248	292	300	292	51	1
1463711211_ff3cc50a0c_1048_15744862@N00.jpg
272	75	298	73	51	1
156	136	184	136	28	1
1463789999_02007c0ab8_1437_34643895@N00.jpg
403	99	419	99	28	2
343	129	353	127	28	1
1464042837_96b7e68f54_1100_91074282@N00.jpg
548	268	594	266	28	2
354	318	394	320	28	1
1465124392_6bd5aa9499_1222_19358859@N00.jpg
308	330	360	318	28	1
454	254	504	254	5	1
196	474	238	480	1	2
1465712995_7b8aad7b52_1339_7999396@N08.jpg
438	188	492	184	51	2
326	366	372	376	51	1
1465722909_658d93718f_1405_7999396@N08.jpg
338	154	378	146	51	2
120	328	172	322	51	1
1466115489_d97c94d49a_1391_23876767@N00.jpg
642	156	690	148	28	2
308	222	350	212	5	1
476	226	512	230	5	2
1466712761_ccbf6e4067_1043_11617750@N04.jpg
102	171	121	172	51	1
269	196	290	196	16	2
175	64	196	63	51	2
1466727467_780366c969_1062_12607034@N00.jpg
614	268	744	240	51	1
328	336	454	330	28	1
1469677064_9787874a5e_1134_8145279@N08.jpg
128	205	158	204	28	2
198	67	222	70	28	1
159	354	178	356	1	1
1471445110_3c849967ff_1122_57791024@N00.jpg
260	178	320	174	28	1
298	484	346	488	1	2
1471905646_3a422eb3af_1098_67885134@N00.jpg
206	256	262	246	28	2
452	244	504	250	28	1
352	484	396	488	1	2
1472282776_8f04ea257d_1324_21849948@N00.jpg
476	298	638	250	51	2
236	388	360	364	1	2
1472338116_3bfa8502fb_1310_21849948@N00.jpg
546	278	732	224	28	2
214	302	346	288	1	2
1474267746_8f65515462_1091_13240326@N06.jpg
462	430	500	428	28	2
414	592	448	592	51	2
300	402	336	408	28	1
233	160	264	174	51	1
577	619	598	625	1	2
1476831943_51bb00e950_1434_21849948@N00.jpg
292	260	442	246	28	2
708	436	804	440	1	2
1478276961_1571bec78a_1231_30562035@N00.jpg
324	322	382	334	51	1
752	330	792	336	75	2
1478302304_e0732c8081_1247_35222883@N00.jpg
196	211	206	210	28	2
138	220	148	220	28	1
1480310229_09ff0231eb_1374_7560362@N05.jpg
186	207	230	211	5	1
85	248	125	243	1	1
1480492573_e3ceffdd74_1239_14524014@N03.jpg
265	92	297	95	28	2
116	158	146	160	28	1
327	152	346	151	1	2
1480555812_a9d2704038_1379_27329947@N00.jpg
422	200	464	200	28	1
506	318	548	316	1	1
542	161	586	136	28	2
1482433389_b485c71650_1123_48703677@N00.jpg
208	176	296	168	5	2
572	156	648	170	5	2
1483533215_dea2737b87_1148_21849948@N00.jpg
570	298	722	270	51	2
314	248	422	250	1	2
1484122015_c442acf686_1132_61656851@N00.jpg
350	148	380	146	28	1
216	146	244	142	28	1
1484138600_10ce82d47a_1073_70008621@N00.jpg
170	132	224	119	51	2
108	401	154	394	1	1
1484168975_ded78cd262_1064_27335261@N00.jpg
368	300	394	300	51	1
498	434	522	438	10	2
207	541	228	541	5	1
1486278709_fb243d5cea_1165_14349134@N05.jpg
476	456	510	456	5	2
204	444	234	446	5	1
1486466631_7192b67e47_1347_19375933@N00.jpg
678	266	748	256	1	1
352	296	416	300	1	1
1486657013_7e0cfcefc0_1253_41894197938@N01.jpg
368	112	398	112	51	2
242	248	274	246	51	1
1486665099_61260ad164_1253_41894197938@N01.jpg
380	180	444	176	51	2
138	450	200	446	51	1
1486931700_d430efc9ca_1142_15345976@N00.jpg
590	182	658	168	51	2
276	214	334	222	51	1
1487842729_efb11657e6_1384_8242299@N04.jpg
678	194	732	188	75	2
240	218	294	224	75	1
1488156723_0076767ff0_1216_24024391@N00.jpg
95	108	120	103	28	2
216	220	240	217	28	1
167	265	188	261	1	2
1490363769_a233bb7375_1065_41311257@N00.jpg
498	366	524	368	28	1
452	442	474	442	1	2
409	342	435	349	28	2
1501278070_955044d6cf_2088_11521650@N06.jpg
237	35	256	32	28	1
125	67	140	67	1	2
1504341753_60c519c245_2004_44605424@N00.jpg
101	106	155	115	51	2
173	187	216	181	51	1
201	352	232	358	1	1
1509937371_630ef7b653_2091_47539914@N00.jpg
438	210	488	196	28	2
292	244	340	242	28	1
1510307982_d89ae38b0e_229_85539840@N00.jpg
358	164	396	162	28	2
246	316	282	312	28	1
1510862304_63eb7e96a0_2132_74467609@N00.jpg
492	276	518	278	28	2
626	296	652	292	28	1
410	342	428	340	1	2
1510912927_6b5bcf11b0_2257_14701467@N03.jpg
137	157	149	158	51	2
193	156	204	157	51	1
1511762882_ccd513615d_2335_14701467@N03.jpg
262	161	288	159	28	1
189	161	213	162	1	1
1511769530_aa7041cfe6_2290_14701467@N03.jpg
164	137	187	136	51	2
288	174	308	168	28	1
348	211	367	211	1	1
1511774494_1c56a4eba2_2354_14701467@N03.jpg
165	103	178	103	51	2
205	136	214	136	1	1
1514073001_4cb7ab7534_2379_88366637@N00.jpg
239	135	272	128	28	2
164	162	192	160	28	1
347	153	366	152	1	1
1514904350_90fe977a85_2221_88366637@N00.jpg
165	77	187	80	51	2
353	98	376	101	51	1
285	215	305	216	5	2
1518850759_f1ba804ac1_2328_62873725@N00.jpg
486	306	600	314	51	1
300	190	394	176	10	1
1518951457_2d85aad1a3_2363_73102019@N00.jpg
516	186	570	176	28	2
308	448	348	444	1	2
416	240	458	273	28	1
1519500155_e15df7bb6c_2102_64939463@N00.jpg
578	192	616	192	51	2
452	222	486	222	51	1
582	338	614	338	1	2
1519557419_d097ede668_2190_13125724@N00.jpg
146	192	180	195	28	2
356	210	392	217	28	1
151	74	171	75	1	2
1519595180_4070e4220d_2395_7429660@N02.jpg
648	164	686	166	51	2
332	280	370	280	51	1
512	248	550	252	28	1
1519810832_304e714187_2257_73102019@N00.jpg
440	232	530	236	28	2
570	322	652	324	28	1
415	481	468	469	1	2
1523984697_43f2789caf_2266_12862544@N07.jpg
314	101	337	92	28	1
143	66	166	67	51	2
231	78	254	76	51	1
1525885337_23d55a1420_2088_14499828@N03.jpg
118	75	140	77	51	2
243	105	261	98	51	1
1525940929_7e5ac875a9_2081_30687356@N00.jpg
302	268	328	264	28	2
452	346	480	346	28	1
326	364	346	362	1	2
1527625857_c48079c7e2_2193_28138199@N00.jpg
266	322	370	314	28	2
544	308	630	306	51	1
1528201289_22766b94cd_2093_7927406@N06.jpg
209	115	220	115	51	2
260	139	269	140	51	1
288	118	298	116	28	2
1529410639_b456f7f341_2345_33527073@N00.jpg
174	368	234	346	51	1
378	274	436	272	28	2
1529411369_dcd8300e78_2270_33527073@N00.jpg
460	274	526	270	51	1
326	248	380	264	16	2
658	254	711	227	16	2
1533590289_a845d967d3_2007_42049265@N00.jpg
301	63	322	54	28	2
226	62	249	68	28	1
290	198	306	205	1	2
1533601895_465be5d4e3_2082_42049265@N00.jpg
193	55	209	53	28	2
87	65	104	66	28	1
224	295	238	296	1	2
1535508583_ae0a98b074_2296_76935237@N00.jpg
313	134	355	132	28	2
165	160	194	156	28	1
246	165	269	168	1	1
1536376676_0f7549f114_2382_76935237@N00.jpg
145	197	159	197	28	1
170	255	181	256	1	1
192	184	206	181	28	2
1538405691_5b86ea3267_2337_91264099@N00.jpg
71	186	118	195	28	2
248	223	294	230	28	1
170	300	203	296	1	1
1541516125_6b373ae9cd_2208_12727673@N02.jpg
326	108	348	108	28	1
143	75	164	79	28	2
250	173	261	176	1	2
1544841438_d8fcc4050e_2320_59656784@N00.jpg
692	280	760	276	28	1
464	136	526	140	28	2
448	474	500	474	1	2
1547281975_3870e07000_2402_37851612@N00.jpg
269	182	307	167	28	1
131	89	169	79	28	2
1548553198_201bef5b20_2135_7649333@N06.jpg
226	121	249	121	10	2
362	111	385	111	10	2
81	174	100	171	10	2
1550470374_9afa44766f_2026_11121542@N02.jpg
83	121	126	122	28	2
206	210	247	198	28	1
147	294	178	287	1	2
1551581419_730bd99daa_2052_61656851@N00.jpg
442	252	488	248	28	1
210	222	252	222	28	1
1551996978_fb4a15ef2d_2096_40206734@N00.jpg
634	182	716	182	28	2
310	294	376	284	28	1
463	565	509	574	1	2
1553880641_8584f43998_2189_83763313@N00.jpg
810	150	848	146	28	2
248	200	284	198	28	2
598	274	634	268	28	2
1554373244_bde196612a_2076_68245613@N00.jpg
312	264	346	260	51	1
298	412	332	418	10	1
1554373374_2fd83ead08_2339_68245613@N00.jpg
774	378	818	376	10	1
708	166	750	172	51	1
1560387587_fc8ad3dbdb_2371_92393992@N00.jpg
714	160	746	158	51	1
334	170	360	166	28	2
518	134	544	135	75	1
1560393439_6d75e78a06_2197_92393992@N00.jpg
720	168	760	162	28	1
420	200	458	196	75	1
290	206	326	210	28	2
1560907791_a54dc6c7d1_2166_68026449@N00.jpg
224	131	268	129	28	1
306	164	344	164	1	1
1561786455_50c69e4895_2224_13703734@N00.jpg
562	174	598	176	28	1
504	294	532	292	1	1
391	188	432	194	28	2
1563117513_d5a2efbfe8_2369_37893441@N00.jpg
716	284	794	306	28	1
568	354	630	342	1	2
1571412048_47fa554f50_2057_44698497@N00.jpg
422	222	500	212	28	1
762	468	834	478	5	2
264	364	334	358	5	1
1571798215_5ebe6eeb2b_2357_16393640@N00.jpg
80	188	143	184	51	1
196	217	247	220	5	1
1572103986_d3502a3d3d_2390_54301066@N00.jpg
596	230	638	226	28	1
494	280	536	280	1	2
415	147	460	164	28	2
1572114469_59ccc55e07_2378_77522876@N00.jpg
464	532	512	530	10	2
520	274	562	260	51	1
134	214	187	227	51	2
1573501761_26b488f4be_2071_28466683@N00.jpg
626	232	716	226	16	1
254	288	336	292	16	1
1574168535_d5674c0145_2118_42966421@N00.jpg
358	282	434	286	28	1
542	230	622	226	28	2
218	642	282	636	1	2
1576328051_df9876ae79_2402_71347790@N00.jpg
672	338	714	330	5	2
184	232	224	230	16	2
430	326	468	324	5	2
1580069409_7f6150f31f_2216_15848411@N00.jpg
216	102	241	103	16	1
155	76	178	77	16	2
1582136173_49bd867dbd_2241_15148081@N04.jpg
552	242	620	226	28	1
504	512	558	514	1	2
399	152	451	197	28	2
1583677181_e14ab352db_2044_45919561@N00.jpg
352	196	506	238	16	2
674	280	810	268	16	1
522	558	604	548	1	1
1584237148_7834a87b11_2155_18613623@N00.jpg
266	230	316	242	28	1
434	136	484	126	28	2
354	444	394	446	1	2
1588912089_2913b3df96_2002_7601421@N04.jpg
464	318	492	316	28	2
152	358	176	352	5	2
382	418	404	418	1	1
1589443005_9c7607e2c8_2017_79445628@N00.jpg
82	239	110	235	1	2
86	120	117	117	5	1
301	186	335	184	5	1
1589522885_d2c0692793_2262_10103338@N07.jpg
374	332	418	336	28	1
278	490	310	490	1	2
1590913143_04513d3830_2349_85123978@N00.jpg
149	66	178	66	28	2
139	227	164	226	5	1
226	147	252	146	28	1
67	136	89	145	5	2
1592316216_cc56edf26d_2403_18486724@N00.jpg
276	232	288	233	5	2
299	108	311	108	28	1
296	155	306	156	1	2
205	52	218	53	51	2
1598227716_c0a95fe9e8_2339_35875155@N00.jpg
376	448	400	446	28	1
460	650	480	650	5	2
462	364	482	364	28	2
1598263655_c6ccdf36bf_2402_72296362@N00.jpg
181	125	206	124	28	2
206	216	225	215	1	2
113	74	131	80	28	1
1601501686_6c92cf5b88_2212_69205948@N00.jpg
478	190	510	192	28	2
648	286	678	284	28	1
494	328	516	326	1	1
1602741254_c866f1d5a8_2192_10899796@N04.jpg
680	192	754	184	28	2
400	208	462	218	28	1
1606489333_e9abe08ce2_2285_12182566@N06.jpg
252	148	280	144	28	2
372	116	396	114	28	1
1618478463_6a86663965_2207_25559937@N00.jpg
328	644	406	644	5	2
336	316	408	322	5	1
1618507005_0eb7c92d70_2406_25559937@N00.jpg
226	260	278	260	5	2
352	424	398	430	5	1
1618524465_e254ec9731_2194_25559937@N00.jpg
286	240	320	238	5	2
424	356	458	360	1	1
1618554775_540e33a37f_2404_25559937@N00.jpg
408	244	462	248	5	2
550	340	604	350	1	1
1618575601_17717d1210_2081_25559937@N00.jpg
354	258	402	254	28	2
204	410	244	404	28	1
1618577829_1f56490df5_2409_25559937@N00.jpg
392	312	474	304	28	2
606	208	674	216	28	1
1626930574_ea0df7cedd_2318_36506481@N00.jpg
498	286	536	284	75	2
648	146	684	136	75	2
312	354	350	352	51	1
785	372	820	361	51	1
1647124716_0ae90f4167_2297_13447091@N00.jpg
318	114	346	113	16	2
120	135	147	136	16	1
220	67	247	64	16	2
1647650680_54e2f5da59_2081_27049508@N00.jpg
420	160	490	178	28	2
632	200	708	192	28	1
544	316	594	320	1	1
1656498234_37ea342c5d_2190_69296726@N00.jpg
526	498	600	472	28	1
106	574	182	560	28	1
342	400	428	414	28	2
1659671580_7ac7e83bf4_2206_44843434@N00.jpg
456	166	508	170	28	2
632	192	676	186	28	1
1661162809_df5b2ee802_2414_77446490@N00.jpg
262	228	350	226	28	2
698	248	780	256	28	1
1661308721_0b23b467e5_2007_77446490@N00.jpg
432	234	482	230	28	1
338	108	382	102	28	2
1662001270_30c49e8743_2304_77446490@N00.jpg
124	192	166	196	28	2
320	206	360	210	28	1
1662032664_429711af95_2272_77446490@N00.jpg
264	226	352	226	28	2
700	246	784	256	28	1
1662132812_627110cee2_2175_77446490@N00.jpg
256	148	324	144	28	2
426	356	498	364	28	1
1663736449_f38ccb1491_2330_23324812@N00.jpg
448	304	554	296	28	2
228	328	324	320	16	1
724	232	818	232	28	1
1672068671_043d9abcd9_2398_77525431@N00.jpg
656	216	704	210	28	2
348	390	392	382	28	1
485	369	518	367	1	2
1676032127_db20ce71f5_2410_39437954@N00.jpg
180	162	240	160	51	2
490	192	554	190	51	1
412	522	468	518	5	2
1682346703_5eca56d72a_2358_15598374@N05.jpg
534	248	642	260	28	2
728	360	828	348	28	1
1682823892_be0974435c_2420_18171581@N00.jpg
500	244	540	244	28	1
494	478	530	480	1	1
1682832288_d9f2d106bb_2010_18171581@N00.jpg
632	254	752	222	28	1
252	436	358	434	1	1
1686484300_eef65546bd_2366_11591613@N06.jpg
196	602	288	602	16	1
524	638	606	654	16	1
332	190	404	176	28	1
1695483835_2e4cb31fba_2226_11717181@N02.jpg
160	292	310	288	51	2
596	490	708	490	5	1
1695498689_af4641c62e_2024_26733420@N00.jpg
184	163	200	165	28	2
123	115	139	117	28	1
1706396011_31df72c5e6_2030_24426376@N00.jpg
436	200	530	220	28	2
674	350	758	338	28	1
536	480	596	484	1	2
1711124037_8b85abfdd8_2097_90802476@N00.jpg
416	282	448	282	28	2
532	334	560	336	28	1
534	471	553	476	1	1
1715258563_52d127703d_2349_56287377@N00.jpg
570	228	606	222	28	1
518	352	548	354	1	2
465	190	501	211	28	2
1721066219_23c8f532c3_2055_54688197@N00.jpg
282	152	346	156	28	2
586	234	660	238	28	1
1728272151_36d006430d_2058_44801240@N00.jpg
382	404	444	396	28	1
312	602	356	590	1	1
1729322609_63ceef466f_2156_11504737@N08.jpg
163	57	197	56	28	2
77	53	101	54	5	1
1729324897_9df1907f21_2330_11504737@N08.jpg
184	39	211	41	28	2
270	61	292	62	28	1
253	170	274	171	1	1
1732137605_ad6284d8ed_2179_8462251@N04.jpg
682	198	758	178	28	2
504	296	560	294	28	1
1737107877_8078f8fef1_2018_7956264@N04.jpg
178	318	284	338	28	1
360	476	434	474	1	1
452	221	574	193	28	2
1737160255_0671e7ebbd_2271_50211770@N00.jpg
240	342	336	342	1	2
764	258	824	262	1	2
1737988996_24cbad542c_2057_50211770@N00.jpg
350	196	404	194	28	2
246	518	282	524	1	1
1738000678_76e190cdfe_2285_50211770@N00.jpg
402	212	432	216	28	2
398	320	418	322	1	1
1741184011_db5dcb851b_2322_62337512@N00.jpg
416	192	486	192	28	2
652	282	716	298	28	1
1741771015_5fe20179c4_2385_10627443@N02.jpg
224	234	296	238	28	2
518	292	588	288	28	1
360	424	410	420	1	2
1746169450_18d8f74c62_2293_13409463@N08.jpg
728	212	764	202	28	1
332	134	366	138	28	2
634	236	662	234	5	1
1750160228_26b61c733a_2360_14752716@N02.jpg
262	240	334	238	5	1
414	406	480	404	1	1
712	220	774	224	5	1
1750961757_7a3eac2eb3_2172_94771939@N00.jpg
400	204	434	208	28	2
508	230	544	228	28	1
1751382117_962d6be41e_2006_98832549@N00.jpg
325	92	350	89	51	2
229	144	249	143	28	1
1752230466_18d0031fb6_2194_98832549@N00.jpg
234	143	254	144	28	1
206	219	220	222	1	1
336	91	362	88	51	2
1752921056_6847ad0a63_2297_38644528@N00.jpg
296	306	414	280	28	1
604	230	720	220	28	2
1752991958_14c32da117_2204_38644528@N00.jpg
548	150	586	158	28	1
370	124	406	126	28	2
456	176	484	172	5	2
1754820125_2621130bb1_2038_7429660@N02.jpg
392	182	426	192	51	1
598	154	632	154	51	2
712	290	740	292	5	1
1761855428_ad695b45e9_2043_33172146@N00.jpg
270	354	310	348	51	2
398	418	420	420	51	1
136	344	168	346	28	2
1763698834_935ab43502_2338_9017675@N08.jpg
200	85	210	84	28	2
107	272	119	273	5	2
1782080626_157dd1b614_2314_9704994@N04.jpg
366	276	436	260	28	2
162	272	220	256	28	1
171	529	211	515	1	2
1792558619_7f58216ce5_2341_99503665@N00.jpg
276	292	314	290	28	1
512	210	538	212	1	2
468	334	504	326	51	2
1795186123_c01e9fa3bb_2267_88541630@N00.jpg
165	119	210	117	51	2
279	205	325	204	51	1
1795474914_379817d0c9_2105_49388292@N00.jpg
696	336	760	330	28	2
262	346	328	360	28	2
494	354	554	346	28	1
1796615094_a6b9c8fca0_2216_58632798@N00.jpg
289	63	319	61	28	1
162	69	186	69	28	2
92	185	101	169	1	2
1796969939_610bcece1b_2318_30205711@N00.jpg
324	138	410	148	28	2
530	290	610	290	28	1
1798929603_fdab7ca8a4_2409_28939583@N00.jpg
418	134	460	134	28	2
616	222	656	222	28	1
506	318	534	324	1	2
1799166478_57284bfb8f_2180_32399171@N00.jpg
274	102	312	114	51	2
310	522	356	518	51	1
1799863664_16bd37f297_2057_10350048@N06.jpg
416	130	462	132	28	2
610	192	652	184	28	1
286	408	316	406	1	2
1800287707_eba6f7bfde_2307_26197615@N00.jpg
580	174	612	172	51	2
486	174	508	176	1	1
349	160	380	167	51	1
1800288047_43730350bf_2335_26197615@N00.jpg
363	133	393	130	51	2
143	117	171	125	51	1
275	135	298	135	1	1
1802816111_c58653b83f_2069_88462581@N00.jpg
422	236	450	230	28	2
232	268	258	266	28	1
320	298	346	296	28	1
1802825325_cc39f2ede3_2247_88462581@N00.jpg
608	148	644	140	28	2
476	220	510	214	28	1
356	192	390	188	28	1
1806293571_d2d8be18dc_2351_86526939@N00.jpg
62	171	118	177	16	1
211	243	256	254	10	1
1806293855_811395efe6_2030_86526939@N00.jpg
110	217	165	233	16	1
263	191	317	193	51	1
1807142134_27ba637075_2287_86526939@N00.jpg
140	206	201	204	16	1
317	246	365	245	16	1
1807269699_2e8a937b0a_2277_64158499@N00.jpg
174	172	210	178	28	1
362	156	396	152	28	2
1810183744_f37a0ec450_2196_12903724@N05.jpg
189	64	212	66	28	2
291	82	314	84	28	1
233	149	251	150	1	1
1811997770_fa0d363f1b_2137_73435643@N00.jpg
514	378	570	368	28	1
308	320	352	318	1	2
632	287	689	272	28	2
1813690265_7085e0abf6_2300_77741997@N00.jpg
426	252	460	260	51	1
540	242	576	236	51	1
1815090367_ca0b2054e9_2114_10019319@N00.jpg
372	226	444	240	28	1
644	206	718	220	28	2
532	386	588	382	1	2
1815248580_c638df7ad9_2336_15053990@N08.jpg
532	332	594	320	28	1
484	566	522	566	1	1
411	202	480	232	28	2
1818570889_2f4c428137_2268_38188475@N00.jpg
291	68	333	62	28	2
114	194	150	191	28	1
299	271	330	271	1	1
1818827651_d230c4b8b4_2333_12829628@N05.jpg
442	230	512	228	51	2
176	300	244	314	51	1
1818887257_cf8f5ddee9_2148_12829628@N05.jpg
434	404	502	402	51	2
260	366	322	366	51	1
1819094017_1ff21fe615_2254_12829628@N05.jpg
198	98	220	99	51	2
117	176	137	180	51	1
78	310	94	310	1	2
1819193760_f183fdd62e_2322_7500242@N03.jpg
218	166	255	165	28	1
363	136	394	138	10	2
102	199	131	198	5	1
1819253713_d9a2d23648_2418_12829628@N05.jpg
144	268	222	268	5	2
404	522	474	514	1	2
1819631938_871c86ba0d_2170_74405511@N00.jpg
672	182	710	178	51	1
468	282	502	290	28	1
524	402	554	402	1	2
1819777528_005565426d_2152_57074377@N00.jpg
261	65	283	68	28	2
338	95	357	91	16	1
226	215	241	219	1	2
1820307188_ae3196a696_2256_12829628@N05.jpg
388	346	440	330	5	2
236	372	282	368	1	1
1824880875_1e1b09da7f_2284_15640069@N06.jpg
658	384	708	388	51	1
506	240	560	250	51	2
310	332	358	352	51	1
1843571528_3c442f0fd8_2384_30409007@N00.jpg
504	350	542	348	51	2
362	442	402	440	51	1
422	845	456	845	5	2
1846018386_d863ffe411_2001_31591359@N00.jpg
432	320	544	298	28	2
186	775	268	771	1	1
189	344	278	387	28	1
1848800629_c551a9af18_2055_99503665@N00.jpg
464	200	540	196	51	2
292	350	348	364	5	2
1849979074_8c27b75f3f_2331_10520218@N03.jpg
170	232	224	228	51	2
454	236	504	236	51	1
1850151430_a3eb8c0410_2045_33662576@N00.jpg
570	190	592	190	51	2
416	240	436	240	51	1
370	292	386	292	5	1
1855421763_a99d3a4216_2250_48552580@N00.jpg
162	206	218	214	16	2
802	288	856	292	10	2
464	122	516	124	51	1
1855426365_dbc9369587_2104_48552580@N00.jpg
208	146	266	148	16	2
426	184	478	182	10	2
1856277540_ef5b055d07_2065_64636204@N00.jpg
316	103	341	104	28	1
157	80	180	82	28	1
1858610540_f2f30f330d_2276_50211770@N00.jpg
520	246	594	260	28	1
386	354	444	342	1	1
1862373612_9b2bde923b_2160_11616780@N04.jpg
606	266	734	254	51	2
278	280	384	260	28	2
1863915850_b20094382c_2100_23964389@N00.jpg
173	85	190	90	28	2
212	169	229	165	5	2
255	101	271	96	28	1
1864319563_85753e7607_2282_8226548@N06.jpg
472	300	574	300	51	1
230	356	328	328	5	1
648	300	744	314	5	1
1874099607_311af00462_2410_15963103@N02.jpg
186	181	222	173	28	1
116	134	151	140	5	1
291	103	330	91	28	2
1874934770_fd2297c52e_2321_15963103@N02.jpg
255	94	273	95	51	2
159	90	176	92	28	1
311	153	326	154	5	1
1878109444_9dd985eaf4_2142_8808762@N03.jpg
296	133	309	133	28	2
255	162	266	160	28	1
266	277	277	277	5	2
1880824223_5509c24b71_2401_17303444@N06.jpg
392	238	422	238	10	1
350	374	376	370	5	1
1880836481_9e40b76a15_2367_17303444@N06.jpg
342	152	370	146	28	1
396	324	426	326	5	1
304	707	331	711	1	1
1880854233_e9223c0c02_2039_17303444@N06.jpg
272	132	326	142	28	1
386	508	442	510	5	1
1880861203_0857a3b3ff_2014_17303444@N06.jpg
382	354	414	356	5	1
336	150	368	156	28	1
294	522	324	522	1	1
1880877523_8f4a786ff7_2294_17303444@N06.jpg
360	286	400	284	28	1
204	568	238	574	5	1
1881265586_1df8868953_2098_28941892@N00.jpg
161	46	180	47	51	2
254	90	269	82	51	1
31	97	47	94	51	1
1894071877_f9306de877_2113_10717756@N00.jpg
834	116	888	116	28	2
420	212	478	214	28	1
662	290	703	295	1	1
1897780715_c5bf528da0_2056_10513838@N03.jpg
280	58	294	61	28	1
254	141	267	140	1	2
310	65	325	60	28	2
1897781321_92a832f884_2116_10513838@N03.jpg
297	80	312	78	28	2
257	92	271	93	28	1
215	178	228	177	1	2
1897782791_9648ce5418_2113_10513838@N03.jpg
171	123	183	120	28	2
133	123	145	124	28	1
214	146	224	144	1	2
1904597759_93b94a2398_2279_9939142@N04.jpg
384	306	416	306	28	1
524	440	552	440	1	2
551	282	579	275	28	2
1906292209_77417e84a3_2043_8035340@N05.jpg
190	136	252	138	51	2
396	128	454	128	28	1
1911481031_92b00df4a5_2038_58133081@N00.jpg
344	234	430	232	51	2
636	422	720	410	51	1
1914900611_94fc9bb717_2110_8692813@N06.jpg
343	137	368	131	51	2
92	165	119	160	28	1
222	96	249	97	28	2
1914901791_2ff1f64271_2284_8692813@N06.jpg
359	147	382	142	28	2
238	109	263	110	28	2
104	178	131	173	28	1
1915731158_16aebe304c_2399_8692813@N06.jpg
385	210	401	210	51	2
78	189	98	190	28	1
231	189	250	190	28	2
1921345395_b707d37f65_2346_14706140@N00.jpg
604	210	692	202	28	1
274	358	342	356	1	2
1922175444_c8f50ebf4e_2065_14706140@N00.jpg
352	216	422	218	28	2
588	320	634	318	1	2
1928314522_20898f341b_2309_17269071@N00.jpg
118	108	142	110	28	2
269	150	293	150	28	1
337	226	357	229	1	2
1938142076_786ec326cd_2239_47993320@N00.jpg
470	332	584	334	5	2
232	396	346	382	5	1
705	296	815	326	5	1
1940393942_7db13d96fd_2248_39471939@N00.jpg
350	198	424	206	51	1
666	260	732	262	5	1
1940592783_e6d6856864_2139_65861193@N00.jpg
171	175	181	177	5	2
124	225	134	223	5	2
142	122	159	124	51	2
1951993560_95421af036_2330_99319294@N00.jpg
44	100	75	95	28	2
207	115	238	115	28	1
1954534243_3ccdb80a89_2053_7958515@N07.jpg
290	562	370	564	10	2
298	212	374	214	5	1
1955343906_70bee78c12_2116_7958515@N07.jpg
338	648	414	638	16	1
366	316	432	322	51	1
148	190	206	196	10	2
1957833917_4f02b1f00c_2390_52888429@N00.jpg
222	128	239	128	28	2
168	173	184	174	28	1
1958787669_983d8a01e8_2297_72939190@N00.jpg
712	110	762	104	28	1
720	402	766	402	5	2
508	380	538	380	5	1
1962826092_9c49520f50_2204_72939190@N00.jpg
404	296	494	300	16	1
622	214	706	216	16	1
1965617643_da5a0b1dd6_2071_10567531@N05.jpg
616	344	686	344	28	1
400	496	446	496	1	2
330	270	391	269	28	2
1968664466_f18a148f02_2152_9380939@N08.jpg
354	196	394	180	28	1
206	180	246	166	28	2
478	284	516	281	5	2
1970450691_e4ef16fea8_2390_9380939@N08.jpg
652	172	714	178	5	2
304	296	368	298	5	2
1971794773_41cc326c48_2053_97445131@N00.jpg
482	306	544	300	28	1
358	380	406	378	1	1
624	248	681	213	28	2
1972217606_0ffabfcd0f_2171_85539840@N00.jpg
358	164	396	162	28	2
246	316	282	312	28	1
1977477215_c83a6163d2_2389_97633348@N00.jpg
368	320	390	322	28	2
418	446	438	446	5	1
500	326	522	328	28	1
1978458024_674f11d212_2176_15137189@N07.jpg
183	101	214	103	28	2
117	166	145	161	28	1
1988162679_520b1f08a4_2175_13179376@N07.jpg
240	220	306	224	28	2
662	190	716	206	28	1
510	280	558	278	1	2
1988379304_0f225fedb6_2021_10816734@N03.jpg
103	84	135	77	28	1
211	104	239	105	1	1
1988840829_8b2f778f6f_2373_14256098@N06.jpg
189	63	227	74	28	2
215	168	244	171	5	2
297	109	327	90	28	1
1992136868_28e3c35c99_2209_19728877@N02.jpg
676	154	728	152	28	2
382	194	436	200	28	1
572	254	600	260	1	1
1992483304_8a73857510_2408_68967634@N00.jpg
608	174	640	174	28	1
486	186	518	184	16	1
1992484506_b4f4114fd6_2275_68967634@N00.jpg
670	156	712	156	28	2
284	188	324	186	16	1
452	256	492	254	16	1
1997722429_ede73085d0_2125_22893473@N00.jpg
362	246	414	240	28	2
184	256	234	258	28	2
750	219	803	200	28	2
1999349177_3a8c5d506f_2201_46306290@N00.jpg
206	110	244	114	28	2
724	144	762	140	28	2
434	150	468	138	28	2
2008441378_3d06ba95d1_2131_19998390@N02.jpg
178	103	207	103	28	2
107	137	137	139	28	1
2008517417_8a275e3c59_2209_9380939@N08.jpg
434	194	474	196	28	1
234	114	278	114	28	2
560	382	592	384	1	2
2011743761_f6a0b5bcfc_2338_80383184@N00.jpg
420	132	458	130	28	2
342	288	380	286	28	1
212	729	248	723	1	2
2012825116_18bd99b5ab_2206_80383184@N00.jpg
278	324	330	314	28	1
514	328	562	328	1	2
389	148	435	123	28	2
2013073391_70e45acf27_2016_8633074@N02.jpg
243	159	292	162	28	2
150	103	193	109	28	1
106	305	142	303	1	1
2020096743_ef3c715ccd_2007_45918309@N00.jpg
228	93	247	90	28	1
364	91	383	94	28	1
276	174	292	174	1	2
2020926168_3cb25f4be9_2230_45918309@N00.jpg
287	113	321	119	28	1
157	84	185	80	28	1
2023650412_73149e364f_2398_64333827@N00.jpg
97	115	136	112	28	1
169	142	199	140	1	1
2024943162_195cf64ed8_2100_67035509@N00.jpg
252	230	324	234	28	1
710	216	778	198	28	2
426	510	488	502	5	1
2025546911_32767ed8e2_2043_82638876@N00.jpg
192	454	272	442	28	1
264	737	336	735	5	2
422	200	488	200	5	2
2025795373_5124b111c8_2162_12576087@N00.jpg
282	234	340	240	28	1
460	164	518	166	28	2
667	183	726	165	28	2
2026596646_b3347d83b7_2173_12576087@N00.jpg
264	178	314	182	28	2
718	176	758	174	28	2
2026899362_6f7bd42823_2067_29424339@N00.jpg
726	330	822	294	28	1
518	352	610	372	16	1
2031985292_95864cc5a1_2115_55579714@N00.jpg
139	400	185	403	16	2
122	133	155	126	16	1
156	244	184	246	1	2
2035420694_74b739f1ca_2149_72437112@N00.jpg
486	336	564	308	28	1
198	428	262	428	5	1
647	210	702	175	10	1
2036161014_26b896f73d_2334_61001398@N00.jpg
211	65	241	65	28	2
327	74	354	76	28	1
81	188	104	185	1	1
2037418855_11ac01bd99_2245_20135020@N00.jpg
308	568	362	570	28	2
398	312	438	300	28	1
278	244	320	256	28	2
2040991391_fffeee611c_2351_17303444@N06.jpg
412	168	448	174	51	1
660	158	694	156	28	2
494	340	524	334	5	2
2041324845_a8617b6832_2376_77446490@N00.jpg
546	232	636	244	16	1
348	198	428	202	51	1
2041793920_15c3d18119_2150_17303444@N06.jpg
376	92	404	94	28	2
718	96	744	98	28	1
2042083250_3a93f8ea51_2300_43738886@N00.jpg
314	89	333	84	51	1
275	107	293	107	1	2
2042097567_c7748620f1_2385_49903173@N00.jpg
123	95	173	95	28	2
329	122	379	123	28	1
261	291	301	292	1	2
2043384347_8e0719fb23_2284_91712888@N00.jpg
173	76	212	84	51	2
305	171	340	168	28	1
158	228	186	216	1	2
2043385449_545fabb262_2225_91712888@N00.jpg
137	89	177	95	28	2
293	157	327	157	28	1
129	230	158	230	1	2
2043522771_e116d4b588_2385_12393725@N00.jpg
214	498	314	468	5	1
416	428	504	412	5	1
2043850286_8e67ad192b_2372_54377506@N00.jpg
508	282	560	286	28	1
202	222	252	220	28	2
358	374	396	374	5	1
2045623475_2f8f5cd1a7_2213_18432837@N00.jpg
462	224	530	224	51	2
300	372	354	374	5	1
165	298	227	275	51	1
2046120436_371e6de3f4_2129_49616536@N00.jpg
584	218	640	216	28	2
428	240	480	244	28	1
2048216808_bd30fee96e_2145_94086509@N00.jpg
432	210	486	202	28	2
198	264	246	264	28	1
350	526	394	528	5	2
2049102254_a7dc78fa21_2399_20436130@N00.jpg
688	188	716	186	51	2
454	250	482	250	51	1
550	374	572	376	5	2
2049372642_901d302c17_2225_33018814@N00.jpg
280	264	380	256	51	1
638	398	740	398	16	2
2049964767_4c4f53004a_2033_95559408@N00.jpg
102	318	172	326	16	1
568	256	638	256	28	1
254	248	300	240	28	2
2050749702_ceb1a3e979_2297_95559408@N00.jpg
208	428	304	446	28	1
732	380	830	372	51	1
438	332	528	326	28	2
2051359723_01e84ae6cd_2242_37784658@N00.jpg
210	107	289	89	75	2
86	354	144	352	5	2
2051414838_87070eb1c8_2223_13121736@N07.jpg
428	192	492	200	28	2
626	276	682	264	28	1
342	446	394	446	1	2
2052330441_d44f2d3190_2156_17819980@N00.jpg
394	164	446	158	28	2
240	188	294	192	28	1
438	400	476	404	1	1
2053115776_95dcd3c1d6_2034_17819980@N00.jpg
388	226	436	218	28	2
212	262	264	246	28	1
352	492	390	490	1	1
2054748037_525bb4cde5_2309_21155228@N04.jpg
147	92	167	88	28	2
272	98	291	102	28	1
219	101	233	100	1	1
2056056005_c25e0b68a5_2053_44811059@N00.jpg
542	436	622	436	16	1
224	224	310	250	51	1
2056266593_0a8d4973cf_2050_25951920@N00.jpg
336	110	388	116	51	2
554	252	602	246	51	1
2056546539_5da1d78250_2280_91346861@N00.jpg
224	141	246	144	51	1
155	125	174	126	5	2
286	72	303	69	5	2
2056546681_ef40e2a653_2363_91346861@N00.jpg
142	107	180	109	5	2
346	134	379	133	5	2
2056838048_5c990c55c8_2189_44811059@N00.jpg
288	314	350	330	51	1
560	202	614	206	16	1
2056953004_672b23942c_2005_86542064@N00.jpg
292	178	352	178	51	1
404	326	450	324	1	1
2056989193_dc4a8387a4_2017_98447054@N00.jpg
526	176	574	164	16	2
340	224	392	218	16	1
2057027484_70d21c6068_2070_25951920@N00.jpg
686	240	776	222	51	2
270	324	354	336	51	1
2057415009_da16158707_2164_11014059@N02.jpg
498	334	608	346	16	1
254	488	346	466	5	1
2058162026_4ea4d3adca_2252_66769258@N00.jpg
368	170	474	146	16	2
836	222	932	228	16	2
206	194	296	218	16	2
2058200816_9853a8fcd6_2104_11014059@N02.jpg
212	310	388	332	28	1
692	264	856	266	28	1
2058473851_32491f2566_2356_55558729@N00.jpg
514	138	578	128	28	2
260	256	318	244	28	1
126	334	174	332	1	1
2058574284_6d3d87d51e_2390_51035624970@N01.jpg
788	212	878	206	28	2
210	196	294	218	28	1
358	436	432	428	5	2
2059259158_82a68a99aa_2255_55558729@N00.jpg
536	182	598	176	28	2
116	360	172	354	1	1
256	302	310	290	28	1
2059629651_c123375447_2167_61935966@N00.jpg
452	148	486	152	28	2
568	194	598	198	28	1
334	158	360	162	5	2
2060476945_11fb804578_2040_77446490@N00.jpg
108	244	198	242	28	1
440	180	532	164	28	2
710	148	798	150	28	2
2060747985_40be6f9aa4_2093_51035624970@N01.jpg
290	136	372	134	51	2
632	168	714	160	51	1
478	428	548	430	5	2
2060906039_ce3c12182f_2371_25654510@N00.jpg
582	188	610	186	51	1
414	218	444	216	16	1
474	162	500	158	51	2
2061187908_c519757e8e_2061_77446490@N00.jpg
216	176	264	172	16	2
392	104	426	106	16	2
490	76	528	72	16	1
2063989882_b31770b3a3_2356_12809780@N00.jpg
634	322	778	346	10	1
364	338	486	332	1	1
2064790582_5ee16a77a7_2075_12809780@N00.jpg
850	204	910	202	5	1
230	338	282	352	5	2
344	130	406	130	10	1
2071883923_d73e3e8e40_2337_14618997@N08.jpg
222	338	274	338	28	2
368	324	410	318	28	1
122	556	156	550	1	1
2073166874_0a6df305e4_2257_8413188@N03.jpg
158	226	236	218	28	2
418	332	498	330	28	1
142	654	200	640	1	2
2073315721_82644636e1_2056_89852523@N00.jpg
183	118	226	117	10	1
277	103	314	101	10	1
2073349133_b1fa38e3de_2080_10833456@N00.jpg
440	388	492	390	5	2
642	252	702	244	28	1
432	170	486	176	28	2
2073400005_d2564bb077_2297_39241914@N00.jpg
244	462	276	470	28	2
468	462	498	470	28	1
344	528	368	528	1	2
2074189496_6fe61965a2_2048_39241914@N00.jpg
244	462	276	470	28	2
468	462	498	470	28	1
344	528	368	528	1	2
2074609965_0a9e5f70b5_2151_16329303@N08.jpg
355	74	374	66	75	2
81	146	102	147	75	1
2074610079_46a1ee1ed5_2177_16329303@N08.jpg
128	71	152	75	28	2
351	112	376	113	51	2
230	170	252	165	16	1
2074667765_bd0cbf251d_2202_49503181652@N01.jpg
192	69	223	73	28	2
351	93	379	91	28	1
280	105	303	101	1	1
2075027651_491d684d14_2131_53134724@N00.jpg
220	103	260	98	28	2
99	207	137	206	5	2
388	268	426	265	1	1
2075378721_4f423ad6ba_2097_7675400@N08.jpg
345	96	386	92	28	2
94	131	136	129	28	1
273	259	299	261	1	1
2075458712_fa3a530e0f_2363_23131336@N00.jpg
193	50	251	55	28	2
309	61	363	70	28	1
2075460606_5b0a502828_2115_49503181652@N01.jpg
110	123	150	116	28	1
232	133	266	134	1	1
2076592686_fb8ceb1abd_2364_20982744@N00.jpg
646	232	796	212	28	2
186	222	322	214	28	1
410	484	518	496	1	2
2076670921_7f97eb6492_2319_20572298@N00.jpg
309	116	349	131	28	2
207	132	246	143	28	1
2077315571_fc1b5e9c09_2218_8081344@N03.jpg
256	206	320	194	5	1
378	410	438	428	1	2
2078612829_50f5700b4d_2287_86622964@N00.jpg
434	198	496	194	28	1
276	182	342	180	28	2
394	474	429	494	1	2
2078686979_2801fb6b8c_2053_82337243@N00.jpg
248	138	286	136	51	1
296	610	336	606	5	1
398	78	434	80	51	1
2078688945_f547ce5ba0_2055_82337243@N00.jpg
196	210	270	210	51	2
400	264	450	262	75	1
2080611737_02af81f188_2097_11940373@N07.jpg
652	226	760	206	51	2
272	216	388	206	51	1
2080619101_c609cfedf1_2175_20463501@N00.jpg
404	298	520	288	28	1
180	432	282	428	28	1
2081427586_3b577e5ff8_2316_7856247@N06.jpg
197	114	215	118	28	1
286	80	303	77	28	1
2081813386_824c5bc91f_2190_12742181@N00.jpg
176	218	232	230	28	2
478	252	530	248	28	1
288	434	333	431	1	1
2081954667_474b0f2a55_2361_14695299@N02.jpg
704	220	738	220	28	2
332	306	366	308	10	2
510	256	542	256	28	1
2082714457_ea606c7846_2049_8242299@N04.jpg
514	250	596	238	51	1
302	484	362	492	1	1
2082911593_1d0694170c_2347_46055722@N00.jpg
216	266	264	266	51	2
452	524	492	524	1	2
334	263	373	234	28	1
2082916729_1a5503674d_2250_46055722@N00.jpg
232	278	278	280	51	2
422	244	466	232	51	1
324	416	360	412	1	2
2083109726_b9ba0c9d71_2144_12414126@N00.jpg
296	137	341	155	10	2
152	133	206	129	51	1
2083471478_ce51c63f2f_2049_8242299@N04.jpg
576	206	642	198	10	1
362	380	408	386	1	1
2083540326_00710b00f4_2109_8242299@N04.jpg
432	306	520	298	28	1
602	432	648	446	1	1
2084066991_e8b45a9131_2391_69282447@N00.jpg
448	358	526	376	28	2
182	528	256	522	5	1
2086839521_18dc38a884_2125_9380939@N08.jpg
218	252	240	254	28	2
378	188	402	184	28	1
524	232	544	232	5	2
2087215094_0c8f879351_2417_33713560@N00.jpg
132	102	182	100	16	1
271	95	324	96	16	1
2087216322_cf133e60c4_2090_33713560@N00.jpg
402	194	442	184	28	2
214	254	256	266	28	1
2087874485_32ca884dc6_2201_16641795@N00.jpg
304	161	348	161	5	1
161	128	201	119	5	1
2087994572_14f6094bb0_2060_12850983@N07.jpg
200	85	233	95	51	2
294	118	326	119	28	1
209	219	234	223	1	2
2088154646_8b50044601_2035_32878388@N00.jpg
174	169	188	171	51	1
233	175	248	174	28	2
137	223	148	222	1	1
2088575068_ff25963bef_2199_49503210082@N01.jpg
146	194	167	191	51	2
294	259	313	260	51	1
2089582567_3c241af0b9_2183_39698070@N00.jpg
168	222	274	206	51	2
730	200	824	192	51	1
512	386	584	355	1	1
2089582955_464f98a465_2165_9775040@N07.jpg
410	300	474	284	51	1
682	132	742	128	51	2
560	504	607	518	1	1
2090509159_bc66cbe406_2100_86622964@N00.jpg
296	208	360	220	28	2
486	474	520	472	1	2
441	245	495	222	28	1
2090852017_6647254d5a_2141_15339005@N00.jpg
480	224	512	220	28	2
340	236	376	236	28	1
558	348	592	348	5	2
2090909105_b6ce36ffd3_2239_68765791@N00.jpg
266	80	316	77	51	2
78	239	120	229	28	1
239	280	278	276	1	2
2090959594_4ea66d9c63_2029_39206538@N00.jpg
217	172	249	175	28	1
139	195	169	187	1	2
312	110	340	117	28	2
2091238198_30652c4cab_2100_14394286@N03.jpg
484	478	528	482	28	1
268	160	308	166	5	2
394	355	430	381	28	2
2092462602_ebb3a79a9c_2303_85994841@N00.jpg
378	100	474	76	51	2
610	388	708	386	5	2
2092472543_9dc280f9ac_2071_52481047@N00.jpg
110	109	144	106	51	2
227	216	251	216	1	2
2092472613_c1b006e05c_2152_52481047@N00.jpg
173	135	218	126	28	1
169	316	200	311	1	2
2092472635_cc8678cff9_2209_52481047@N00.jpg
302	91	335	90	28	1
294	219	318	220	1	2
2092472659_d82fac1413_2092_52481047@N00.jpg
327	109	357	104	28	1
160	102	187	100	28	2
239	197	260	199	1	2
2092482147_edb34aca41_2267_52481047@N00.jpg
310	212	380	212	51	2
544	332	612	330	51	1
2092484641_cfcb14e621_2173_52481047@N00.jpg
87	174	128	163	28	1
211	225	250	221	1	2
2092902484_139833e337_2019_14082909@N00.jpg
384	316	498	318	28	1
256	530	344	538	1	2
2092988182_422c881b3c_2306_14689321@N04.jpg
123	78	150	84	28	2
188	82	214	79	28	1
2093250804_33abc01aa4_2148_52481047@N00.jpg
166	131	212	128	28	1
299	186	335	185	1	2
2093251092_2896c867fd_2301_52481047@N00.jpg
135	124	169	118	28	2
184	310	211	311	1	2
2093263098_10fceedd49_2256_52481047@N00.jpg
203	95	234	94	51	2
265	205	290	203	1	2
2093263212_bb5d011475_2288_52481047@N00.jpg
293	144	329	144	16	1
172	135	203	134	5	1
2096338205_af56fa2d38_2287_86526939@N00.jpg
248	264	276	270	28	1
129	78	156	75	51	2
210	365	233	364	5	1
2096341303_5175a52a80_2233_86526939@N00.jpg
295	167	330	160	51	2
91	114	120	121	51	1
208	190	236	191	5	1
2098313418_7e31fc225b_2199_45438431@N00.jpg
155	163	184	166	28	2
266	97	291	97	5	2
69	229	92	228	5	2
2098711091_3962a9fdb1_2016_14283252@N08.jpg
390	296	476	314	16	1
542	368	628	362	16	1
2098712029_4d3a123a88_2171_14283252@N08.jpg
366	240	398	248	16	1
280	216	312	218	16	1
2099077134_582ca442bf_2365_14390604@N08.jpg
212	388	260	382	28	1
326	314	374	306	51	2
423	441	456	452	1	2
2101043927_96a9ab4ddc_2101_98624608@N00.jpg
304	326	366	314	28	2
186	448	244	468	28	1
262	687	318	678	1	1
2101536091_c41f6230cd_2161_55883854@N00.jpg
363	152	387	149	28	1
190	118	212	117	28	2
281	144	299	143	1	1
2102047923_456dbf996f_2332_14651529@N07.jpg
305	95	337	100	51	1
248	231	275	231	1	1
189	92	223	102	51	2
2102148282_8487e080f2_2395_15205040@N08.jpg
234	85	259	86	28	2
372	106	396	109	28	1
139	204	160	209	5	1
2102185948_5cfddbf1d8_2349_35149847@N00.jpg
524	132	570	132	28	2
324	206	372	202	28	1
406	458	448	458	5	1
2102193480_db635d4d1a_2002_14651529@N07.jpg
226	93	243	96	51	2
328	95	345	93	51	1
219	175	232	174	1	1
2103049212_4dbe386b60_2341_79205131@N00.jpg
260	222	322	222	28	2
484	276	538	274	28	1
364	344	414	344	5	2
2104081689_895d1429ca_2015_45027068@N00.jpg
115	91	149	97	28	2
204	116	235	112	28	1
200	263	225	269	1	2
2104210180_d4e12cac0c_2283_15958036@N03.jpg
562	200	600	184	51	2
330	264	380	278	51	1
464	244	500	240	1	2
2104602920_31844587ff_2062_50211770@N00.jpg
472	218	530	234	16	1
440	436	486	438	1	2
2104603198_8c345e0343_2272_50211770@N00.jpg
308	248	390	226	16	1
496	476	562	486	1	2
2105044473_53a21777ee_2284_9200789@N05.jpg
438	138	494	136	51	2
228	294	278	298	28	1
2105948133_f5eb0cbea7_2144_14618997@N08.jpg
422	218	466	216	28	1
538	126	574	122	28	2
356	324	392	322	1	2
2106731932_3b508b0d71_2202_14618997@N08.jpg
472	220	512	216	28	2
600	138	642	136	28	1
378	322	414	320	1	2
2107515489_4be44aaf31_2328_39471939@N00.jpg
262	378	368	404	75	1
606	250	696	222	28	2
2107543415_393fe5e5dd_2294_39471939@N00.jpg
210	274	256	276	28	1
486	326	528	324	75	1
706	157	754	158	51	2
2107553707_3cda0883d1_2043_39471939@N00.jpg
472	186	520	172	51	2
396	264	440	270	51	1
2107563845_686b3b606f_2283_39471939@N00.jpg
386	206	522	216	51	2
696	350	820	308	51	1
2107569357_2f9c54282a_2064_39471939@N00.jpg
290	178	366	192	51	2
662	424	734	416	28	1
2108375462_f17eb29c0b_2215_39471939@N00.jpg
704	188	770	194	51	2
218	248	280	248	51	2
2108793605_84d8a87464_2325_9136492@N08.jpg
372	190	458	210	28	2
552	204	628	200	28	1
488	544	550	542	1	1
2109520270_e662ac7576_2154_17297963@N03.jpg
444	248	514	268	51	2
608	438	686	432	51	1
2109521407_6d77414a31_2056_22876105@N00.jpg
602	336	624	336	28	2
304	264	322	266	28	1
2110137138_4374c3a233_2245_8895633@N08.jpg
170	246	232	244	28	1
366	148	430	134	28	2
344	805	398	805	5	2
2110137332_b00411cf39_2093_8895633@N08.jpg
406	266	464	274	28	1
206	148	254	144	5	2
2111777138_9b81f128f9_2392_9431785@N07.jpg
170	73	195	77	16	2
252	148	276	151	51	1
2112742695_c2b055bebc_2344_94976401@N00.jpg
454	362	562	382	75	2
752	264	840	268	51	1
2113864056_2757f50f45_2291_10728198@N07.jpg
273	82	286	82	28	2
204	54	217	53	28	1
345	56	357	55	51	1
129	57	143	57	51	2
2114621944_b3cc87e871_2199_68728560@N00.jpg
294	126	313	125	28	2
203	107	221	108	28	1
2114784530_e5ceee48e1_2222_47071851@N00.jpg
48	174	83	172	5	2
234	108	266	110	5	1
2115594105_2d3c51e639_2103_36589238@N00.jpg
292	138	330	134	28	2
174	176	205	180	28	1
233	259	256	259	1	1
2116131860_cdb4e16ec2_2201_99449026@N00.jpg
364	252	430	262	28	2
530	260	588	258	28	2
632	414	694	412	28	1
2116240455_e3f594e363_2056_80066668@N00.jpg
182	468	256	462	28	1
336	678	402	674	1	1
565	337	640	316	28	2
2116366211_6122d07339_2238_68046438@N00.jpg
235	88	249	89	28	1
193	71	203	73	28	2
2117098007_f25909ee74_2273_36222434@N00.jpg
162	95	205	103	28	2
67	131	99	131	1	2
2117948249_259fe22fa5_2311_18581655@N04.jpg
166	117	199	123	28	2
271	147	303	154	28	1
2119012551_886a917b4f_2289_20947166@N00.jpg
250	226	334	236	28	2
476	300	552	282	28	1
2119573708_9c8505893d_2417_21959646@N04.jpg
143	72	172	73	28	2
238	151	265	151	28	1
2119728320_e569a76d00_2187_20947166@N00.jpg
558	314	616	286	28	1
362	546	424	542	5	2
243	258	319	279	28	2
2119764286_fb64f1c454_2029_20947166@N00.jpg
142	348	208	366	28	2
624	428	690	418	28	1
382	334	432	334	1	2
2119874859_bef1885be7_2204_44351118@N00.jpg
354	148	398	138	28	2
150	131	195	122	28	1
257	178	289	179	1	2
2120010946_c460d4d8dd_2393_31081207@N00.jpg
299	45	330	52	75	2
214	172	245	175	1	1
2122573223_3a44b90c49_2376_8049852@N03.jpg
572	158	608	148	28	2
414	460	448	458	28	1
2122583774_ea8a662eca_2102_32719556@N00.jpg
161	154	205	161	28	1
303	152	332	144	51	1
2123516239_29e6ca4f9f_2081_21458686@N04.jpg
406	296	462	296	51	2
552	302	606	294	51	1
432	530	474	534	5	2
2123774309_8bb6662b6a_2289_19211054@N00.jpg
366	258	458	258	51	2
676	354	762	354	51	1
2124011477_d6c88673e6_2418_34621927@N00.jpg
264	400	298	404	28	1
326	230	356	226	28	2
352	482	380	478	5	2
2124290432_a5ac0d12ac_2178_21458686@N04.jpg
392	240	462	238	51	2
576	244	638	228	51	1
438	524	490	530	5	2
2126526338_fa149abda9_2366_68245613@N00.jpg
190	172	234	174	28	1
386	146	432	138	28	2
272	317	307	314	1	2
2126850714_cd6e577da9_2096_59058480@N00.jpg
172	294	230	276	28	2
556	334	624	332	28	2
2127039093_d465f86595_2402_46306290@N00.jpg
376	168	450	206	28	1
558	220	654	224	28	1
2127697060_0f7a499b1f_2098_81234744@N00.jpg
82	636	148	616	1	2
320	256	390	256	5	2
2128935497_71fbfcf33a_2280_62348501@N00.jpg
428	158	502	164	75	1
598	362	656	350	75	1
2128956047_d4a72a3727_2311_20947166@N00.jpg
498	216	570	218	28	2
328	278	382	284	28	1
597	598	625	633	1	2
2129071165_1b8cde8333_2272_7634658@N03.jpg
268	282	342	284	28	2
422	340	488	350	28	1
308	642	362	638	1	2
2129383303_1fbd015521_2302_37994498831@N01.jpg
268	206	378	184	28	1
246	656	342	648	1	1
2129402357_21d9997434_2305_37994498831@N01.jpg
68	418	162	412	28	1
350	284	446	280	28	2
2131875947_1107f0df36_2017_7278220@N03.jpg
272	56	313	48	28	2
254	162	281	161	1	1
162	56	201	73	28	1
2133521602_489629951f_2152_53139634@N00.jpg
173	73	194	67	28	1
140	118	157	123	5	1
2133657385_3c0a5099d8_2223_10451471@N02.jpg
740	136	780	138	51	2
298	150	334	154	28	2
486	186	526	186	51	2
2136299799_a88a66d82a_2057_69282447@N00.jpg
596	164	648	158	75	2
326	264	376	262	75	1
2136360923_8a5cb070e5_2244_26472109@N00.jpg
256	362	336	334	16	1
730	166	804	138	16	2
2136919976_a706ffbdf0_2305_13978967@N00.jpg
600	162	656	166	51	2
436	122	488	126	51	1
818	391	854	411	1	1
2137074130_db47edda56_2051_69282447@N00.jpg
514	188	556	192	28	2
366	284	410	288	28	1
2137079724_d938f003b0_2221_21093110@N07.jpg
600	194	654	186	28	2
486	186	530	188	28	1
2137101160_35d16cd7be_2249_59138825@N00.jpg
222	58	238	59	51	2
329	79	345	79	51	1
267	101	282	102	16	1
2137217710_4ceae4ba0f_2365_57066890@N00.jpg
346	250	396	242	28	2
458	224	508	216	28	1
596	256	634	258	1	1
2137468157_93a66a5ca1_2177_56183337@N00.jpg
292	296	408	310	16	1
270	708	380	692	51	1
2138554273_6f07307656_2364_12120718@N08.jpg
466	550	558	550	1	1
334	186	428	172	28	2
660	273	737	320	28	1
2139888142_f21fc6f90d_2092_62007766@N00.jpg
94	137	132	139	51	2
274	165	310	163	75	1
2140046127_5c81e11538_2112_7318606@N08.jpg
189	194	225	198	28	2
304	231	334	229	28	1
2142754736_a7b3b4fa76_2147_21425056@N07.jpg
330	370	404	378	28	1
630	276	702	266	28	2
476	500	540	512	5	1
2144634543_673c2c817f_2349_8822233@N05.jpg
512	494	560	494	28	2
378	198	414	192	28	1
640	163	675	176	28	1
2146467164_18b8254c77_2230_10739307@N08.jpg
366	740	442	740	28	2
370	382	430	384	1	1
2147256570_dc35cb4154_2371_17627154@N00.jpg
458	236	478	238	51	1
506	196	526	196	28	2
556	222	574	220	28	1
2147653386_2823e3fc08_2172_11018465@N08.jpg
540	408	562	412	51	2
718	422	742	424	51	1
2147831641_1679750234_2246_62411637@N00.jpg
738	218	780	210	28	2
186	242	228	242	28	1
476	276	520	274	28	1
2148146840_0e94b538d1_2228_99449026@N00.jpg
706	150	764	134	28	2
476	384	530	378	51	1
194	324	250	328	28	1
2148369359_9fa3f5d8cf_2134_7255089@N05.jpg
272	224	304	222	51	2
392	332	414	336	1	1
2148377341_dd5b3a41eb_2014_7255089@N05.jpg
584	124	618	126	28	2
376	202	408	204	28	1
486	216	514	212	1	1
2148380997_7465a5cfbc_2114_7255089@N05.jpg
430	162	460	164	28	2
240	178	272	184	28	2
2148492138_b19fc97d01_2277_20318832@N00.jpg
305	188	338	183	28	2
287	88	315	90	28	1
2150530331_48983c674b_2294_30126248@N00.jpg
448	156	496	160	51	2
660	246	706	248	51	1
374	376	422	380	5	1
2150604199_4a9a8fec52_2225_10122011@N04.jpg
688	190	768	194	51	1
320	446	386	444	5	2
446	242	522	224	28	1
2151364276_ea4f7cb4b2_2318_69571905@N00.jpg
320	118	354	106	28	2
152	180	190	180	28	1
274	615	300	613	1	2
2151607390_0660d68e6f_2390_76121633@N00.jpg
180	356	240	356	1	2
538	300	594	296	51	1
386	178	430	182	51	2
2151815357_d1b03da495_2249_37279068@N00.jpg
526	158	562	168	28	1
672	102	702	96	28	2
2151961429_9ed380bcaa_2286_24633181@N00.jpg
87	296	108	293	1	2
222	162	237	163	1	1
2153007976_ce8db011b7_2167_66065332@N00.jpg
344	428	374	436	51	1
658	422	678	416	51	2
480	438	508	438	75	1
2153213106_4770b6c2cf_2354_94537411@N00.jpg
264	187	301	184	28	2
175	233	210	224	28	1
293	57	321	57	1	1
2153988645_0328f53337_2394_17165583@N00.jpg
290	132	324	134	28	1
230	149	256	147	1	2
164	126	197	122	28	2
2154591709_2fa09068c9_2178_32927398@N00.jpg
290	228	348	226	51	1
452	392	514	390	5	2
683	221	742	202	51	2
2154776862_10fa4a45af_2029_17165583@N00.jpg
305	82	329	78	28	1
211	79	234	81	28	2
339	150	360	151	5	2
2154778296_29000fc464_2077_17165583@N00.jpg
264	81	286	73	28	1
189	81	211	80	28	2
310	152	329	157	5	2
2155376872_c8831c78ac_2014_32927398@N00.jpg
634	182	694	168	51	2
410	342	470	332	5	2
280	168	358	162	51	1
2155756344_f342602c6b_2148_11572905@N02.jpg
426	134	460	138	28	2
186	142	216	140	16	2
284	220	312	218	28	1
2155907400_8a6277125d_2064_11572905@N02.jpg
243	120	286	117	51	1
342	138	385	123	28	2
117	167	153	174	16	1
2156520984_a5325557f1_2064_69446989@N00.jpg
502	284	528	284	28	2
692	412	714	410	5	2
344	414	366	412	5	2
2156625508_a69e2de478_2133_22324270@N06.jpg
177	102	207	102	1	2
282	97	309	102	5	1
2158098971_8a23a0d0a6_2364_8242299@N04.jpg
416	254	468	250	28	2
296	552	328	558	1	2
2158105225_f16eeff6e5_2118_8242299@N04.jpg
566	344	708	364	28	2
344	432	438	452	1	2
2159487454_0c0419df17_2313_10420120@N06.jpg
258	60	274	59	51	2
172	195	187	192	5	2
2161069853_85c28bfbe5_2362_36425193@N00.jpg
240	111	269	109	51	2
108	116	135	109	51	1
209	214	234	221	5	2
2161140320_6b7f7f4c6b_2361_21949209@N00.jpg
676	228	806	230	28	2
192	280	324	266	28	1
488	336	584	342	5	1
2162990767_e31f482c3f_2122_83452443@N00.jpg
658	336	676	336	75	2
750	332	766	328	75	1
2163933247_f09ba4f01f_2046_49503095127@N01.jpg
432	204	530	182	28	1
154	382	242	396	16	1
2164768038_736c916775_2144_90155419@N00.jpg
211	64	236	60	51	1
338	117	360	115	16	1
119	125	139	130	16	1
2165305861_c331509cb0_2161_21205685@N06.jpg
618	176	656	172	28	2
386	216	422	212	28	1
514	268	544	266	1	1
2165573241_dbfbd68a03_2131_83862033@N00.jpg
105	91	143	92	51	2
355	176	388	171	51	1
200	251	226	258	5	1
2166576343_05fb6d252b_2252_83345467@N00.jpg
248	89	279	86	51	2
184	103	216	98	51	1
2166750406_d982e7f095_2118_22109238@N08.jpg
492	218	538	228	51	2
350	212	394	212	28	1
2168010057_23fbba92ab_2158_84667379@N00.jpg
303	128	324	133	28	1
209	53	230	56	28	2
216	209	236	209	1	1
2168693011_d60a6337f3_2280_21179551@N03.jpg
194	57	213	60	28	1
296	60	318	63	28	2
222	141	240	142	1	1
2169872643_56db17bbce_2058_54855264@N00.jpg
642	158	702	164	5	2
356	330	414	326	5	1
475	206	540	181	28	1
2170157626_2a66fce641_2309_84316050@N00.jpg
300	148	346	158	28	2
656	192	696	182	28	2
478	258	516	258	51	1
2170689580_2889d50e11_2333_24756228@N00.jpg
77	156	102	148	28	2
175	186	196	179	28	1
2170788723_528e12a6a1_2155_14157432@N08.jpg
152	132	234	134	28	2
382	252	458	252	28	1
2171660140_a5d8b82031_2124_48661282@N00.jpg
550	304	610	306	28	1
312	224	388	234	28	2
808	498	860	498	1	1
2172495635_d683362fc7_2256_7397272@N07.jpg
318	128	354	124	28	2
406	504	446	498	28	1
287	671	314	655	1	1
2173227047_3cdff7932f_2237_42547550@N00.jpg
722	158	780	162	28	2
412	210	472	200	51	1
512	390	560	384	1	1
2173409519_a1636b3a01_2050_80347029@N00.jpg
456	240	500	230	51	2
228	288	268	286	51	1
483	453	530	456	5	1
2174888619_9fea47e9e7_2231_40881809@N00.jpg
238	89	270	91	51	1
378	139	406	133	5	1
114	163	139	161	5	1
2176429810_37e60d9ea1_2364_66091309@N00.jpg
568	236	606	238	51	2
416	258	454	262	75	1
2176807306_d6abc07a1b_2168_79476528@N00.jpg
246	104	260	106	28	1
303	89	316	90	28	2
230	172	242	174	5	1
2176983170_8256a3a84e_2097_84287798@N00.jpg
285	83	309	80	51	2
194	133	219	132	51	1
284	303	297	316	5	1
2177447538_feb0594259_2133_82157141@N00.jpg
358	258	422	254	16	2
124	212	178	218	16	2
662	250	719	209	16	2
2179719410_518140f136_2211_66781419@N00.jpg
306	192	364	202	28	2
622	336	680	316	28	1
532	360	568	370	1	1
2180206885_137319c4d2_2098_21567771@N06.jpg
530	398	626	404	28	1
336	380	418	370	5	1
2181101377_5fd8436242_2399_10538758@N05.jpg
98	142	134	144	28	2
205	213	246	217	28	1
121	313	154	313	1	2
2181558381_395d366ecf_2314_48432741@N00.jpg
636	356	676	356	51	1
458	338	494	344	51	2
312	268	344	270	28	1
2182104851_df9e3388ba_2334_13370885@N07.jpg
170	57	184	59	28	2
113	64	126	65	28	1
2183165761_875345304c_2247_47258787@N00.jpg
394	176	424	172	28	2
586	206	616	208	28	1
664	300	694	296	1	1
2183759315_6af4aeec2a_2127_22109238@N08.jpg
422	200	482	202	28	2
584	368	648	366	28	1
2183920539_95096c9fdd_2200_14219334@N04.jpg
220	136	284	142	28	2
324	372	388	374	28	1
536	624	590	628	1	2
2184468889_bdf6e47594_2093_90802476@N00.jpg
408	228	432	228	28	2
472	254	494	256	28	1
389	366	406	362	1	1
