1001325491_3a41ca91ab_1286_12692384@N00.jpg
187	62	207	61	51	2
354	79	371	75	51	1
95	118	111	121	16	1
402	103	417	98	5	1
292	153	307	155	10	1
1001740180_3d1cc68688_1157_40124061@N00.jpg
358	142	370	141	28	2
123	142	135	141	28	2
380	46	389	45	51	1
115	53	126	51	28	1
224	43	235	44	51	2
266	56	276	55	51	1
1005247582_193f04030b_1064_10927075@N05.jpg
322	320	356	320	51	2
246	126	282	132	28	2
542	368	576	370	51	1
678	198	708	196	28	1
662	408	690	408	5	1
572	544	602	540	1	2
324	502	354	496	1	2
1009293829_79583230fc_1341_95976963@N00.jpg
744	416	788	410	51	2
530	438	576	438	51	2
276	406	316	402	51	2
400	272	434	268	28	2
656	360	690	360	51	1
1021736434_5043980eb0_1187_72854210@N00.jpg
105	101	122	102	51	1
221	88	237	83	28	1
300	36	316	35	28	2
396	42	413	40	28	2
42	51	59	50	51	2
1025306358_9fe60ba39a_1289_96486979@N00.jpg
367	152	386	150	16	2
97	147	111	151	16	1
261	149	275	152	16	1
315	78	329	75	16	1
181	100	195	101	16	1
1026495119_890e2c7077_1197_10875594@N04.jpg
358	80	376	79	28	1
233	132	250	130	28	2
272	160	286	159	5	1
198	153	210	152	5	2
144	209	157	208	5	2
1046171989_83b5fadd2c_1200_82677435@N00.jpg
564	166	610	162	28	2
696	556	742	552	5	2
478	402	522	410	10	1
386	242	426	244	28	1
282	616	326	612	5	1
1046412264_289c11f073_1183_15055157@N00.jpg
198	116	226	120	51	2
614	138	644	130	51	1
388	194	414	194	51	1
688	208	714	210	28	1
822	198	848	196	28	2
538	204	564	202	28	1
1046412294_09d8c07147_1374_15055157@N00.jpg
748	136	776	134	28	2
170	128	194	128	51	2
632	174	658	168	28	1
330	158	354	158	51	1
492	164	518	162	28	1
324	294	344	292	10	2
1054885705_a4010a1716_1328_68125117@N00.jpg
204	238	258	238	51	2
418	264	474	256	51	1
738	332	782	334	10	1
800	498	850	500	10	2
640	172	684	170	16	2
1065569389_38f4b634ca_1297_11229575@N06.jpg
272	228	294	228	51	2
542	246	564	246	28	2
414	270	438	274	28	1
686	246	708	248	51	2
836	274	858	272	51	1
160	266	180	268	51	1
1067320579_af912b8c0a_1178_10234579@N00.jpg
185	253	212	251	51	1
96	219	119	221	75	2
155	131	176	129	16	2
141	372	163	366	1	1
291	173	312	175	10	1
282	332	299	335	1	2
1071903704_50ace6452a_1005_58085844@N00.jpg
930	530	972	530	28	2
854	492	884	490	28	1
674	454	696	450	28	1
410	426	430	432	28	2
538	422	562	424	28	2
278	452	296	463	28	2
152	566	199	557	28	2
1072606051_4726aa51c7_1161_11026324@N06.jpg
169	64	183	65	51	1
327	54	341	52	51	2
360	92	374	88	16	1
247	87	261	87	28	1
273	95	282	93	1	1
228	116	238	120	16	1
1073502802_0e3acbecab_1119_11026324@N06.jpg
136	79	148	80	51	1
71	79	85	79	28	2
286	64	298	62	28	2
136	150	150	149	16	1
193	81	205	83	28	1
1081846553_fee7683268_1156_10717857@N00.jpg
298	146	326	148	28	2
574	254	600	254	51	1
680	278	706	270	28	1
450	276	480	276	75	2
296	292	326	290	28	1
413	165	442	164	51	2
1101454722_3ff5fd8d1a_1160_61006038@N00.jpg
234	366	276	372	28	1
578	370	618	364	28	1
374	306	416	306	28	2
774	372	816	372	28	2
458	364	492	362	28	2
96	348	154	364	28	2
914	400	957	386	28	2
1116021103_5878489d3f_1190_66002097@N00.jpg
224	330	254	328	51	2
582	314	612	316	28	1
808	264	838	274	28	2
450	190	482	190	28	2
336	210	364	208	28	1
424	342	452	340	51	1
1122126730_e3a0c73a23_1309_8131996@N04.jpg
292	346	340	342	16	1
732	90	774	90	51	2
520	202	564	198	51	1
548	528	592	528	10	1
780	618	818	616	5	2
1129604482_13ebda56bb_1034_8654514@N06.jpg
79	172	93	170	28	1
148	115	160	113	28	1
378	159	388	157	28	1
221	81	230	81	28	1
307	105	318	106	28	1
1133496180_34b8fe9e50_1342_86483865@N00.jpg
500	254	526	256	10	2
380	206	406	208	16	2
560	272	586	264	51	1
612	384	636	382	5	2
652	276	676	274	16	2
1144693862_805954f632_1388_10230252@N02.jpg
153	85	161	88	28	2
180	127	189	126	28	2
232	129	241	130	51	1
267	133	276	130	28	1
296	124	304	122	28	1
337	84	346	81	51	1
1153214053_4c5b39c7ea_1041_12692384@N00.jpg
155	163	165	163	28	2
413	185	423	184	28	2
254	145	264	143	51	1
109	249	119	249	5	1
249	232	258	235	10	1
83	150	93	149	28	1
114	177	123	177	5	1
188	198	198	199	28	1
307	165	319	163	51	2
389	210	398	215	28	1
389	271	396	273	1	2
1160563038_b1c06f3868_1102_42383671@N00.jpg
206	328	234	328	51	1
884	292	910	292	28	2
466	258	490	258	51	2
780	370	802	364	28	1
680	284	706	284	51	2
85	349	111	348	51	1
1165979336_786010e06a_1285_11714766@N04.jpg
456	208	482	208	75	1
772	170	796	172	28	1
334	106	356	108	5	1
586	334	608	338	10	1
634	154	658	156	51	1
223	119	249	112	51	2
538	179	554	173	1	2
1174015085_97ad37e498_1016_83131204@N00.jpg
308	240	326	238	75	1
352	88	368	86	51	2
444	242	462	240	10	1
756	258	774	256	10	2
598	96	614	96	51	1
472	130	488	128	51	1
494	236	511	239	51	1
625	202	647	201	75	2
1177529206_add1dfd7cb_1312_96718123@N00.jpg
268	400	296	400	28	2
556	340	580	340	28	2
502	420	528	418	51	1
366	390	390	388	28	1
602	404	628	404	51	2
738	402	762	400	28	2
1185164528_f6ccac8bfe_1374_11454191@N07.jpg
81	104	101	103	51	2
174	154	193	152	28	1
288	210	305	210	5	2
324	106	339	107	10	2
219	84	234	83	10	2
1187650180_07ddb18338_1121_82595282@N00.jpg
120	71	135	71	16	2
191	152	208	151	28	1
222	67	236	65	28	2
69	158	84	155	10	2
157	217	171	214	5	2
1195565117_2a7b927f13_1044_24074889@N00.jpg
352	444	376	446	28	1
388	284	408	288	28	1
624	308	642	306	28	2
548	426	570	426	28	2
720	294	738	292	28	2
288	286	306	288	28	2
468	319	488	317	28	2
741	440	760	432	28	1
1204223095_ec3b200666_1077_78739794@N00.jpg
282	54	315	54	28	2
355	191	384	189	5	2
152	60	183	60	28	1
145	212	171	210	5	2
28	211	52	212	1	1
1207492693_bcd35444d8_1440_91943670@N00.jpg
816	122	848	120	51	2
184	184	216	184	28	2
612	468	640	468	5	2
412	218	440	216	28	1
634	190	666	186	51	1
412	338	436	340	1	2
176	280	200	284	1	1
1208561129_d43fe5e8fd_1190_69843933@N00.jpg
446	248	472	246	28	1
836	176	862	176	51	2
224	214	252	214	28	1
306	190	330	190	28	2
538	180	562	180	28	2
550	308	570	304	1	2
763	256	788	255	51	1
1210490318_f1683907a7_1288_7686727@N02.jpg
172	153	194	155	51	2
315	101	335	101	16	1
117	269	136	263	5	1
249	201	271	197	51	1
231	66	251	69	16	2
393	228	412	228	5	1
94	111	113	112	10	1
1217763754_dfa99e185b_1271_11942303@N02.jpg
198	163	213	162	10	1
258	110	271	110	51	1
284	190	297	188	5	2
380	117	391	117	28	2
349	151	361	152	5	1
122	110	136	110	28	2
195	111	209	110	51	1
1218611652_8dbedc6ec8_1029_11975222@N06.jpg
318	362	342	362	28	2
108	410	134	412	28	1
486	376	510	378	28	2
612	376	638	380	16	2
718	368	738	364	51	2
238	458	256	454	16	1
1237483186_13b0226b28_1070_69229986@N00.jpg
554	294	584	294	51	1
672	150	700	142	51	2
420	448	454	450	51	1
332	224	362	220	51	1
156	258	186	256	51	1
461	181	494	181	51	2
749	186	779	177	28	2
1244165888_26b82bc3f0_1268_73439432@N00.jpg
570	266	590	264	51	1
292	286	314	286	28	1
230	154	250	154	28	2
440	158	460	158	51	2
416	288	436	288	51	1
676	286	696	282	16	1
166	288	186	290	16	1
1244553309_f063e69b71_1018_47864451@N00.jpg
860	274	896	274	28	2
146	264	182	264	28	2
92	84	122	86	28	1
778	134	810	134	28	1
272	118	304	116	51	1
654	338	686	338	75	1
544	168	574	164	16	1
404	277	438	273	51	2
939	146	971	150	16	1
1249756140_86d3f603bb_1439_13346627@N00.jpg
304	198	316	195	51	1
206	198	218	198	51	2
198	73	210	72	51	1
294	69	305	68	28	2
231	120	243	119	16	1
337	233	348	235	5	2
1250364583_6b4ef6e302_1009_50655231@N00.jpg
131	195	144	195	28	2
246	205	257	204	51	1
361	197	372	196	28	2
179	191	190	190	28	1
271	166	282	166	28	2
294	197	306	197	51	2
1254821225_4cd667c131_1328_12072086@N04.jpg
438	378	482	380	16	2
306	146	344	154	28	2
540	330	576	336	28	1
244	386	280	392	10	2
766	198	802	200	16	1
776	440	812	440	5	1
1262815523_1a1834329b_1177_7911821@N02.jpg
518	270	544	268	51	2
300	298	324	294	51	1
410	336	436	332	28	1
522	440	542	440	10	2
632	432	654	434	10	1
1272542287_266004b7ed_1296_45414250@N00.jpg
325	165	344	161	28	1
124	74	142	75	28	1
326	80	342	78	28	1
222	81	240	79	51	1
174	41	191	40	51	2
1273164645_c4a7b5873b_1032_11047904@N08.jpg
344	158	358	159	28	2
126	168	138	170	28	2
163	105	173	105	28	2
260	179	272	177	28	1
200	173	212	173	28	1
275	92	287	94	28	2
220	114	231	113	28	1
1285174664_53f7737173_1336_19623720@N00.jpg
258	238	284	238	51	2
664	362	690	358	16	1
804	330	832	330	51	1
416	304	440	302	28	1
138	344	164	338	28	1
582	226	608	224	28	2
364	360	388	362	16	1
492	342	516	338	75	2
1290002461_92455ae7ab_1286_31699527@N00.jpg
704	196	736	190	28	2
166	264	198	258	51	1
602	228	632	226	16	2
350	258	380	258	75	1
256	206	286	210	51	2
486	222	516	224	28	1
1290935168_7a9286537e_1194_31699527@N00.jpg
332	434	370	434	75	1
280	224	312	228	51	1
592	224	620	224	28	2
496	358	526	356	28	1
444	188	468	192	51	2
756	195	785	189	28	2
1292200109_66e9b0c2cf_1109_26883195@N00.jpg
300	106	330	108	28	2
90	170	118	170	28	1
508	150	536	148	28	2
378	214	404	220	28	1
470	314	494	314	16	2
1313810379_24237b2997_1051_14128850@N00.jpg
192	81	204	81	28	2
326	111	337	110	75	2
251	125	262	123	28	1
182	148	192	146	16	1
289	223	299	223	5	1
230	282	240	281	5	1
1315908549_b4a8706aaa_1343_17093421@N00.jpg
228	522	252	516	28	1
496	322	520	322	28	2
216	274	238	274	28	2
412	302	432	300	28	2
262	134	282	138	28	2
316	384	338	385	75	1
1333571060_e28f017971_1341_31485272@N00.jpg
258	92	268	91	51	2
396	103	406	102	51	2
91	103	101	102	16	2
331	115	341	115	75	1
218	108	227	107	28	1
148	109	158	110	75	1
120	197	129	197	5	1
163	202	172	200	5	1
1336412585_2b9ac9ec4e_1122_9157850@N08.jpg
572	294	612	294	28	1
450	172	490	172	28	2
220	254	260	256	28	1
358	322	400	326	51	1
674	248	714	256	51	2
822	264	858	262	28	1
567	456	597	456	1	1
1336513762_88247f2fa0_1207_51035650787@N01.jpg
802	128	856	124	28	2
658	284	704	268	28	2
192	346	240	350	28	1
384	320	430	318	28	2
280	114	324	114	28	2
1341772107_056fa501d2_1030_69755357@N00.jpg
166	270	204	280	51	1
420	228	448	236	28	2
848	238	872	232	51	1
304	332	334	332	5	2
544	266	568	264	28	1
725	229	749	225	75	2
1342600501_cfcd494ad7_1309_10439839@N04.jpg
56	185	82	187	51	2
373	72	399	67	51	1
305	150	331	150	16	1
130	61	155	62	16	1
209	164	229	165	10	2
1342600515_95cd0e7a43_1106_10439839@N04.jpg
77	253	91	252	16	1
119	34	134	37	51	2
227	64	241	63	51	1
157	169	169	169	10	2
213	246	227	246	16	1
1348204470_b1a195b72d_1373_25587708@N00.jpg
868	200	898	200	51	1
508	382	534	380	5	1
354	284	378	282	16	1
622	238	650	238	75	1
438	400	462	398	5	1
320	366	340	368	5	2
212	276	232	272	5	2
1351680625_cfe669fc35_1064_11812618@N02.jpg
312	326	340	324	75	2
490	242	514	244	28	2
622	378	644	376	28	1
592	212	614	212	28	2
680	304	704	302	28	1
438	292	458	286	1	2
728	416	744	428	1	2
1351682971_d0eda5067e_1267_11812618@N02.jpg
492	426	520	424	28	1
478	318	504	318	16	2
158	328	184	332	28	1
216	530	240	530	10	2
330	580	358	582	10	2
370	352	394	356	28	1
236	288	254	288	16	2
1351723489_e4f8c2a6d4_1358_13447091@N00.jpg
167	160	179	160	51	1
242	71	253	71	28	2
210	155	221	154	51	2
192	86	203	85	28	1
134	116	145	116	10	1
83	67	94	68	16	2
138	53	148	55	28	2
1351736307_ad8f1699f5_1241_11812618@N02.jpg
636	308	664	306	28	2
366	332	396	334	51	1
644	212	672	206	28	2
522	328	550	330	51	1
330	220	354	222	28	1
493	191	520	197	51	2
1352517042_fe133c8392_1020_11812618@N02.jpg
200	264	232	266	51	1
552	300	580	300	28	1
892	282	922	280	51	1
718	324	746	322	28	1
662	214	692	216	51	1
404	266	434	264	51	1
1353076490_b9a3c26cf6_1350_13176167@N08.jpg
169	122	201	124	28	1
273	114	302	106	28	2
379	88	407	87	10	2
79	130	103	135	5	2
251	205	275	206	1	2
1353076978_acecaf7398_1287_13176167@N08.jpg
294	61	318	63	28	1
143	53	166	56	28	2
197	275	221	272	5	2
211	120	231	120	5	2
313	135	331	135	1	2
1354072638_6d005dd017_1318_12742322@N02.jpg
836	184	866	184	28	2
550	244	574	244	28	1
270	214	294	214	28	2
146	258	170	258	28	1
672	252	696	254	28	1
412	228	436	230	28	2
1359338465_add92cab8e_1166_71654172@N00.jpg
69	94	85	92	75	2
276	220	294	221	16	2
150	110	167	110	28	2
207	162	223	162	28	1
353	363	370	364	5	1
1363092667_7d653ea33b_1431_11351114@N06.jpg
334	260	358	262	28	2
620	252	640	254	51	2
510	264	534	264	28	2
218	296	242	294	28	1
728	294	750	290	51	1
744	384	764	384	5	2
276	386	296	386	1	1
1363350242_db4ca144a0_1434_46556310@N00.jpg
484	412	518	406	51	1
350	108	386	108	28	2
196	404	232	408	75	1
230	168	262	174	28	1
444	192	476	188	28	1
1366546453_6ca6e58d71_1189_8402464@N07.jpg
254	138	276	138	51	2
325	90	344	88	28	1
195	101	214	102	28	1
133	74	151	77	28	1
261	52	277	50	28	2
1376119993_afcf5fb1e9_1252_56124520@N00.jpg
333	71	360	60	5	1
187	62	217	61	10	1
106	69	132	74	5	2
320	177	346	173	1	1
200	155	224	151	1	2
1376123585_3f60146b11_1155_56124520@N00.jpg
179	89	198	87	28	2
280	130	299	132	28	1
411	86	432	86	10	1
328	206	344	207	1	1
148	165	164	163	5	1
64	139	82	137	10	2
1379453252_704c9c7058_1086_11132250@N00.jpg
146	208	173	205	51	2
101	359	123	362	5	1
198	99	220	97	51	1
279	205	299	209	10	1
91	123	113	123	16	1
71	245	91	241	10	2
1381163984_083b029bbd_1004_71565291@N00.jpg
200	82	215	83	28	2
330	184	343	186	28	1
231	192	245	196	51	1
270	191	283	195	28	1
307	84	321	85	28	2
184	185	195	189	28	1
1388732202_d7a0ff4343_1067_13408471@N06.jpg
338	130	370	132	51	2
350	592	382	592	5	2
228	228	260	228	51	1
524	588	554	590	5	2
490	318	516	318	5	1
184	346	208	347	1	1
83	618	109	601	10	2
1389887499_fb4b437b41_1408_13602467@N05.jpg
276	248	312	254	51	2
228	346	258	348	5	2
462	290	492	290	51	1
778	224	808	226	10	1
596	390	624	392	10	1
1393729167_78b33c06a4_1353_11129338@N06.jpg
133	82	162	83	51	2
204	259	231	259	75	1
76	218	103	217	16	1
338	281	364	277	16	1
277	136	304	141	51	1
1399325483_3d7bb9d1a0_1259_11322101@N06.jpg
512	152	540	152	28	2
188	194	218	196	28	1
642	216	670	214	28	1
286	128	314	130	28	2
348	466	372	468	10	1
624	612	648	612	5	1
1400654939_44a2b661d4_1151_45295246@N00.jpg
86	68	101	69	28	1
140	59	153	61	28	2
378	64	390	61	28	2
249	65	260	66	28	2
183	81	194	81	28	1
349	72	360	72	28	2
299	75	309	75	28	1
1403095931_9beb6a99c2_1055_34787600@N00.jpg
770	156	800	156	28	2
458	396	486	398	75	2
302	218	328	218	51	1
418	248	442	242	75	1
554	216	576	216	51	1
674	230	698	232	28	1
342	146	364	144	51	2
199	163	225	162	51	2
1408211090_3b883fb064_1422_91108062@N00.jpg
768	376	814	372	51	2
166	412	200	408	28	2
332	418	366	412	75	1
242	282	274	278	28	1
492	394	532	390	51	1
412	321	447	305	51	1
1412620293_8240cc9e96_1175_10097505@N00.jpg
252	240	274	242	75	2
700	278	722	280	51	1
386	242	410	242	51	2
764	226	786	228	51	2
450	232	470	236	51	2
504	260	524	258	51	1
578	219	597	217	28	2
540	300	563	300	51	1
1414394465_e660a926f4_1003_83407700@N00.jpg
246	194	270	192	75	2
426	198	450	200	16	2
558	256	582	254	10	2
178	230	198	238	28	1
876	146	896	142	51	1
1416012864_0cafdee693_1069_98464681@N00.jpg
780	130	796	128	28	2
174	136	190	138	51	2
596	140	612	138	51	2
276	160	292	160	28	1
498	164	514	164	51	1
380	138	396	138	51	2
702	154	718	150	28	1
1417221774_513c9d8307_1396_45295246@N00.jpg
302	98	315	99	28	2
379	98	393	98	28	2
208	94	223	91	75	2
106	109	118	111	28	2
139	110	152	108	28	1
435	132	446	135	5	1
1421904023_a38d64f2ee_1205_9898956@N02.jpg
618	190	654	186	51	2
780	198	816	196	51	1
296	188	328	186	28	2
178	264	212	266	28	1
440	236	472	236	28	1
1428592498_82122d311f_1437_8138023@N08.jpg
568	270	596	272	51	1
608	166	636	166	51	2
428	238	454	236	51	1
376	388	404	380	51	1
720	414	746	414	51	1
380	176	404	176	28	2
768	224	792	226	51	1
306	259	331	270	28	1
241	189	271	184	28	2
1439003492_1b32121222_1170_9437509@N06.jpg
484	250	504	244	28	2
422	276	442	274	28	1
170	214	188	216	51	2
256	282	272	282	75	1
368	292	386	286	28	1
164	296	182	300	51	1
317	228	335	228	75	2
1443685166_3d864499c5_1374_14135487@N03.jpg
470	366	490	362	28	1
948	420	970	420	5	2
744	358	764	358	75	1
888	434	906	434	5	2
292	436	310	436	1	1
595	368	616	366	75	1
484	466	497	464	1	2
614	523	630	522	1	1
351	390	374	391	16	1
1445399529_fb58d50e0c_1244_14117888@N07.jpg
676	72	702	72	51	2
326	130	350	130	28	2
524	130	552	130	51	1
776	146	802	148	28	1
210	160	234	160	28	1
522	238	542	236	1	1
1445725478_e59f7e675c_1400_23324812@N00.jpg
166	140	212	152	51	2
750	268	792	272	16	1
396	198	436	202	51	1
580	358	618	364	10	1
844	426	882	438	5	2
1448505404_87a56a0451_1066_13940813@N02.jpg
504	366	538	362	75	2
324	438	358	444	16	2
222	88	256	94	16	2
602	156	632	154	28	2
382	166	408	170	28	1
718	170	748	170	51	1
460	108	486	108	28	2
1448693972_f9546bb433_1264_52818162@N00.jpg
153	90	166	92	51	2
96	117	109	116	51	1
420	32	431	32	5	2
236	84	247	84	10	1
304	219	314	220	10	2
1472065799_6be4b9fee7_1055_12346946@N00.jpg
356	498	378	498	16	2
628	518	648	512	28	1
514	534	538	536	75	1
488	396	506	398	51	1
616	402	634	402	51	1
692	510	710	508	1	2
361	341	384	342	28	2
1481923713_6c3c6ed1a7_1221_14548074@N04.jpg
182	189	205	189	51	2
302	201	323	199	51	1
130	99	145	103	51	2
179	116	197	113	51	1
289	126	305	126	51	1
346	131	360	129	51	2
1485606996_7144ff4d98_1243_12487324@N03.jpg
538	408	558	410	51	2
400	404	418	402	28	2
274	400	292	398	28	2
644	418	662	420	28	1
508	284	522	282	51	2
418	290	434	290	51	1
1487094582_5229222efc_1081_14349134@N05.jpg
820	528	856	524	5	2
302	274	330	282	51	2
616	488	650	492	5	1
480	314	516	314	28	1
200	322	224	324	1	2
1493750373_42f317b336_2342_14612994@N07.jpg
118	140	142	142	28	2
284	213	303	211	10	2
361	87	379	84	16	1
406	206	422	211	5	2
368	158	388	158	28	1
263	70	277	68	10	2
178	88	193	91	28	2
1501061563_3eee0b776d_189_75179431@N00.jpg
234	284	252	286	28	2
392	510	410	510	5	1
742	338	760	338	28	1
488	420	502	420	10	2
348	334	364	332	28	1
628	340	646	340	28	1
638	444	654	444	5	2
279	378	298	378	5	2
503	318	523	317	28	2
739	564	757	561	5	2
1511653953_343e02c900_2252_49008495@N00.jpg
832	142	868	138	51	2
636	166	666	164	28	1
472	120	504	120	28	1
284	94	316	92	28	2
186	128	216	130	51	1
1524851524_151c84e92d_2348_12862544@N07.jpg
93	68	107	68	28	2
230	119	243	120	28	1
193	158	205	157	5	2
110	140	121	140	1	2
141	82	152	79	5	1
1526391026_9c971d2982_2126_7812053@N07.jpg
728	254	762	244	28	2
470	372	500	384	28	1
576	264	610	260	28	2
576	398	608	394	28	1
374	348	406	344	28	1
222	314	255	313	28	2
683	410	714	393	28	1
1534132871_f0321ea1ed_2133_14820501@N02.jpg
142	296	180	294	16	1
332	194	366	194	28	2
582	204	614	200	28	2
424	290	458	290	16	1
678	270	710	274	51	1
852	194	893	183	51	2
1537762265_105b771938_2142_14879181@N08.jpg
145	188	161	186	51	2
305	70	319	71	28	2
306	184	321	183	51	1
177	82	191	86	28	2
232	99	245	97	28	1
1542092120_b2b1176a61_2039_89386169@N00.jpg
387	149	405	145	28	2
293	148	309	146	75	2
201	152	215	153	75	1
133	121	145	120	28	2
108	62	120	61	28	1
1543258893_819bc4f334_2327_7260772@N08.jpg
136	250	184	248	28	2
840	118	872	106	28	2
876	316	910	304	51	2
668	372	702	366	28	1
500	336	534	328	51	1
1545674615_a0ad7e7539_2082_70426727@N00.jpg
326	140	352	146	28	2
464	100	492	98	51	2
616	176	640	178	51	1
460	394	488	390	16	1
580	456	604	458	10	2
408	488	432	486	5	1
1548552976_e53bb47953_2208_7649333@N06.jpg
227	150	250	152	10	2
384	135	408	135	10	2
69	185	90	186	10	2
1556108281_b1b397b0e2_2206_15189363@N00.jpg
73	101	83	102	28	2
296	96	305	94	75	2
142	104	152	104	51	1
226	105	236	107	75	1
365	104	373	102	51	1
426	101	434	101	51	2
272	129	281	129	5	2
206	118	214	118	5	1
1558966691_a39ccd4607_2398_10801163@N00.jpg
74	91	85	92	51	2
297	112	307	111	51	1
169	94	179	95	28	2
243	112	252	113	28	1
220	140	228	141	16	2
110	117	119	117	51	1
161	125	171	125	28	1
347	109	353	109	5	1
382	108	392	109	28	2
1562115272_bb1cacb454_2115_23324812@N00.jpg
584	382	634	372	51	2
414	350	468	344	51	1
740	158	794	164	16	1
504	124	558	120	16	1
280	438	334	436	10	1
1566590949_df4760ecee_2126_7351526@N05.jpg
180	230	228	238	51	2
626	152	668	152	28	2
424	318	466	322	51	1
402	142	442	148	28	2
744	278	782	274	28	1
1569756605_a9395a24e1_2048_55594118@N00.jpg
868	196	900	192	28	2
140	290	176	290	75	1
764	270	798	264	16	1
328	248	362	252	16	1
658	256	686	258	51	1
446	162	476	160	51	2
1580499180_7e57b503e5_2044_15030185@N05.jpg
193	55	205	54	28	1
225	174	238	173	28	2
346	63	358	63	28	1
169	106	179	106	5	2
94	115	105	116	5	2
339	145	349	143	51	1
262	132	272	134	5	2
283	222	293	223	1	2
96	185	109	187	51	2
1583688284_a5b8d174b2_2207_8293786@N07.jpg
638	362	656	360	51	1
736	346	754	346	28	1
346	84	362	84	28	2
294	340	312	336	51	1
434	344	448	344	51	1
237	67	255	67	51	2
461	70	478	69	28	2
578	75	595	71	51	2
715	84	734	84	75	2
504	359	519	352	16	1
1594541755_e69c64f80b_2130_44391752@N00.jpg
818	650	864	642	51	2
152	244	194	242	51	1
484	272	530	266	28	1
808	92	852	90	28	2
598	324	638	320	10	1
340	146	382	142	51	1
1604145028_8a22a341cd_2378_15281896@N02.jpg
316	138	340	138	51	2
524	92	548	90	51	2
782	190	804	190	16	2
198	150	218	154	28	2
834	112	854	110	28	2
428	190	450	194	28	1
672	218	692	220	51	1
1646261901_741846beb8_2023_13447091@N00.jpg
203	127	213	127	10	2
216	39	225	37	16	2
277	25	286	25	28	2
329	104	338	104	28	1
246	57	255	58	16	1
1661425120_5f14c2fca1_2113_15137189@N07.jpg
220	524	268	518	16	2
584	434	632	434	51	1
684	168	728	162	51	2
312	372	356	370	16	1
472	238	506	238	16	1
1684082872_cce5aed622_2119_69229986@N00.jpg
256	168	292	164	10	1
504	398	538	396	5	2
710	270	744	272	51	1
692	452	724	452	1	2
443	244	489	242	51	2
532	175	564	179	10	1
1692662163_81015348c6_2071_99725717@N00.jpg
372	136	398	138	51	2
496	178	520	180	51	1
542	270	568	264	10	2
380	280	404	280	5	1
268	278	288	272	1	1
1704000645_1bf31348aa_2081_15475309@N02.jpg
756	254	808	254	28	2
380	274	424	274	51	2
368	62	406	66	28	2
170	226	210	232	28	1
516	306	558	288	51	1
572	86	608	90	28	1
1719860479_572ac38313_2341_47658660@N00.jpg
232	202	284	202	28	2
800	168	838	168	28	1
514	226	552	224	5	1
394	124	430	130	5	1
636	226	670	226	5	1
1737926102_3ad2c8b6c1_2026_54793119@N00.jpg
648	304	678	300	28	2
490	236	520	238	28	1
430	340	454	338	1	2
270	402	298	402	5	2
584	276	608	272	10	2
1751549168_76a167018b_2175_14032055@N05.jpg
268	208	294	210	28	1
426	206	456	208	28	2
640	194	666	192	28	2
620	66	644	60	51	2
466	72	490	72	51	1
1752280113_8a065c0171_2244_16257374@N02.jpg
342	362	366	364	51	2
640	368	662	366	51	1
742	206	764	208	16	1
300	232	322	236	16	1
390	170	410	168	16	1
556	94	576	92	16	1
1769080153_d3c333501f_2296_12378472@N05.jpg
742	132	764	130	28	2
652	146	674	144	51	1
524	148	544	148	51	1
392	168	412	170	51	1
630	328	648	328	5	1
428	356	444	356	5	2
297	103	317	109	51	2
1782016570_4487dbda62_2186_51243825@N00.jpg
185	240	216	243	10	2
252	161	276	158	51	1
55	186	80	185	28	1
171	169	192	169	5	2
135	218	154	212	5	1
1794535529_e20d6f0e0f_2339_65823119@N00.jpg
730	198	768	196	51	2
400	96	434	102	51	1
598	152	630	150	5	1
358	374	390	376	5	2
530	444	560	440	5	1
1803307747_10c9062046_2188_43248919@N00.jpg
236	233	251	232	28	2
425	77	440	77	28	2
108	275	125	273	28	1
248	121	259	117	28	1
122	89	137	91	28	2
193	118	205	120	28	1
331	81	346	76	28	2
324	265	342	264	28	2
362	279	378	287	28	1
1806286549_f545f021a7_2222_86526939@N00.jpg
377	165	401	167	51	1
286	197	311	194	16	1
83	205	106	204	51	1
228	261	247	259	5	2
142	245	159	241	1	2
201	103	227	102	51	2
1806287491_b24cc28211_2363_86526939@N00.jpg
129	80	142	79	51	2
73	136	86	134	28	1
211	108	225	107	75	1
150	262	163	260	51	1
67	274	78	274	5	2
196	278	206	276	1	2
1806579525_d4aa160143_2289_11155154@N00.jpg
362	104	376	103	28	1
407	103	420	103	16	1
71	90	87	89	16	1
185	105	199	104	28	1
252	132	265	134	28	2
1807136418_eb33a14303_2314_86526939@N00.jpg
335	110	354	112	75	1
119	157	138	153	16	1
256	321	275	322	28	1
132	357	147	356	5	2
258	398	272	396	1	2
202	81	224	79	51	2
1807948157_4ecdb5c846_2414_12742322@N02.jpg
446	142	466	144	51	2
776	130	796	128	28	2
672	146	692	146	28	1
554	134	572	134	51	1
346	160	364	162	16	2
1807961199_d6a66f67bc_2037_12742322@N02.jpg
770	226	798	220	51	2
148	204	172	206	51	2
674	298	698	300	51	1
516	230	540	226	28	2
392	244	416	248	28	1
272	216	292	216	51	1
1809891667_2860f40cc6_2349_12751683@N00.jpg
742	348	768	342	28	2
354	436	376	434	5	1
732	130	754	128	28	2
242	240	260	240	28	2
350	258	370	258	28	1
490	250	510	246	51	1
554	502	574	504	5	2
607	242	629	246	51	1
1811855715_009fee7d3d_2251_35541168@N00.jpg
52	88	69	89	28	2
446	69	463	66	51	2
147	95	163	94	28	1
353	103	368	103	51	1
250	106	265	108	51	1
1814492348_527c841efb_2177_58778995@N00.jpg
748	162	794	158	51	2
232	178	278	182	51	1
500	178	536	166	5	1
400	336	436	334	5	1
310	316	342	316	1	2
1818326951_55484b7623_2306_68677958@N00.jpg
238	123	251	124	75	1
202	68	216	70	28	2
269	53	282	52	75	2
155	82	169	83	28	1
385	75	398	75	28	2
321	109	335	108	51	1
134	105	146	105	1	1
362	160	372	163	1	2
1835053176_acddc0f67e_2239_78495325@N00.jpg
398	432	458	422	28	1
788	354	842	354	16	2
214	218	264	226	16	1
416	144	464	134	51	2
144	382	188	376	1	1
584	158	620	154	1	2
1860707466_f415438224_2309_70362743@N00.jpg
708	348	738	344	10	2
366	336	396	332	10	1
456	190	486	192	51	2
552	278	584	280	16	2
652	198	680	198	51	1
1870357040_53aa07c4d6_2065_88279667@N00.jpg
372	82	385	81	28	2
99	79	112	77	28	2
236	122	247	123	51	2
181	142	194	142	28	1
298	146	306	146	28	1
1888823275_c31f5207f2_2140_71927314@N00.jpg
732	350	792	354	10	2
292	354	342	362	28	1
480	138	524	134	10	2
606	404	648	408	10	1
518	436	554	434	5	2
304	520	333	535	1	2
700	220	742	223	10	2
1896259948_567500440a_2137_18625447@N04.jpg
258	348	284	348	16	1
122	226	148	226	16	1
234	160	258	156	16	2
528	346	554	350	16	1
494	146	518	144	51	2
372	212	396	210	51	1
1929458667_3129c61c0c_2251_26828146@N00.jpg
427	39	436	39	51	2
239	57	249	57	28	2
305	53	316	52	51	2
108	67	118	67	28	1
49	73	60	71	28	1
169	61	179	63	28	1
369	74	379	73	28	1
1951990918_11f7061352_2152_99319294@N00.jpg
391	120	410	120	51	1
303	88	321	87	28	1
163	69	177	67	28	2
114	51	129	49	28	2
227	72	243	71	28	1
40	47	53	46	51	2
1951992234_ea14d1444f_2116_99319294@N00.jpg
332	110	354	110	51	1
259	80	278	77	28	1
206	68	224	68	28	1
118	57	131	55	28	2
77	61	89	58	51	2
149	74	164	70	28	2
1951995726_436242ac31_2056_99319294@N00.jpg
134	94	144	94	28	2
222	95	234	96	28	2
300	75	310	74	28	1
232	32	241	31	51	2
275	48	283	48	51	1
174	64	183	65	28	1
1953407065_759b396884_2416_31621343@N00.jpg
462	50	486	52	28	2
266	144	292	142	28	1
604	100	628	100	28	2
724	102	748	102	28	1
370	404	392	404	1	1
712	386	730	388	5	2
528	416	548	418	1	2
1955602280_e5dc5b3797_2135_11147621@N07.jpg
351	122	377	115	28	2
122	180	150	184	28	1
210	124	231	130	28	1
269	102	292	107	28	2
174	262	199	263	1	1
239	290	260	284	1	1
1963355793_0fd9902c18_2358_72939190@N00.jpg
514	152	548	156	28	1
654	156	690	156	16	1
154	204	188	210	16	1
406	166	438	166	28	1
288	180	320	182	16	1
800	154	834	150	16	1
1978444686_9373ca2de0_2121_15137189@N07.jpg
236	218	280	226	28	2
290	408	332	408	28	1
558	594	596	590	5	2
426	504	464	508	5	1
414	362	446	362	5	2
1978452446_7897afaa31_2054_15137189@N07.jpg
438	164	488	162	28	2
704	374	756	366	28	1
316	582	360	576	5	2
264	360	306	358	10	2
578	366	620	362	5	1
1991680073_0b9b73cf87_2216_68967634@N00.jpg
630	136	656	134	28	2
434	194	458	194	28	2
348	278	372	278	16	1
450	320	474	316	16	1
556	280	578	278	28	1
1993232073_60e9067100_2232_19914039@N00.jpg
268	85	278	84	75	2
383	107	393	107	51	1
203	87	212	86	28	2
145	114	154	113	28	1
316	118	324	117	75	1
1996184859_ea0fdcf7f1_2070_20947166@N00.jpg
768	256	826	254	28	2
278	332	338	336	28	1
458	488	510	490	5	2
102	500	154	494	1	1
556	190	600	188	5	2
2007295254_7cc789e632_2278_16126616@N05.jpg
222	590	278	584	75	2
480	640	540	636	75	1
540	346	600	344	28	1
360	236	412	232	28	1
200	270	250	274	28	2
2023044962_edf44260b9_2381_20753562@N05.jpg
312	252	360	258	28	1
800	208	846	208	51	1
554	190	594	186	51	2
370	86	404	90	28	2
448	210	484	214	28	1
688	140	722	144	28	2
2023616209_739bb912b6_2417_11102819@N00.jpg
338	68	361	76	75	1
40	174	61	173	5	2
138	154	159	157	5	1
440	94	460	97	5	2
276	184	294	187	1	1
2026600136_db6f13fea8_2015_12576087@N00.jpg
518	126	554	126	51	2
820	162	858	172	16	1
334	228	374	230	51	1
174	152	212	150	16	2
678	186	716	186	28	1
2026607598_ab6854cae6_2242_12576087@N00.jpg
818	344	866	342	51	2
164	322	204	324	16	2
578	364	620	358	28	1
582	90	616	96	28	2
786	188	824	182	28	1
288	156	326	154	28	1
354	239	386	231	1	2
2047360782_35ec82063c_2360_74551611@N00.jpg
812	266	876	266	75	2
228	216	282	212	51	2
472	344	522	336	75	1
618	104	664	94	51	2
370	124	418	128	51	2
2050873053_5d8864bc11_2200_9380939@N08.jpg
788	246	812	248	10	2
468	270	490	266	5	2
142	288	164	290	5	2
268	288	290	282	5	1
910	308	932	312	5	2
624	252	644	250	5	1
2052118546_0ecdece684_2027_9365348@N03.jpg
194	151	209	156	28	2
154	169	170	172	28	1
102	204	118	204	5	2
229	160	243	160	10	2
260	197	270	199	5	1
2052277331_9493a3fea1_2098_90642970@N00.jpg
178	148	204	146	28	2
664	130	684	128	28	2
748	166	768	168	51	1
258	172	276	176	28	1
356	114	374	116	28	2
430	164	446	162	28	1
664	194	680	194	28	1
594	207	606	209	1	2
792	137	811	132	51	2
2052552185_fad06099c8_2402_13927568@N06.jpg
624	350	648	344	75	1
392	324	418	328	75	2
698	126	724	124	28	2
504	162	528	160	51	1
342	174	366	170	28	1
2052782485_be65bfa373_2170_21023761@N02.jpg
802	236	822	234	75	2
426	314	446	312	51	1
208	296	228	298	51	1
318	298	338	292	28	2
532	314	552	314	51	1
163	257	184	258	75	2
647	309	668	308	75	1
2053729866_ffc1186678_2053_12596481@N05.jpg
698	292	726	288	28	2
176	164	204	168	51	2
584	366	612	368	28	1
460	174	486	172	28	1
562	136	588	136	28	2
312	228	336	224	51	1
819	209	848	205	28	2
2060505714_ede335c9b4_2117_28939583@N00.jpg
228	308	256	310	51	2
374	354	400	344	28	1
678	282	706	278	28	2
552	320	578	320	28	1
738	334	764	326	28	1
484	278	508	278	28	2
562	166	586	162	16	2
2061546120_f64d7b4431_2038_23324812@N00.jpg
766	360	814	360	28	2
598	286	646	284	16	1
466	348	518	356	16	1
190	376	240	378	16	2
326	296	368	288	16	1
2062630015_483dd549c2_2230_8494264@N03.jpg
286	322	312	322	28	2
298	600	328	602	51	2
410	610	436	604	51	1
590	328	614	326	28	2
498	360	524	356	16	2
430	446	454	442	16	1
2063218590_4d6236713e_2377_12104639@N00.jpg
254	188	284	190	75	2
650	138	680	132	28	2
558	200	588	198	51	1
424	232	452	230	75	1
480	472	506	476	5	1
394	406	420	406	10	1
2063274952_08d58e4537_2067_20733661@N00.jpg
638	282	664	282	51	2
316	246	342	244	51	2
508	356	536	354	51	1
788	318	812	318	51	1
420	342	444	342	51	1
704	350	724	350	5	1
2072604287_00e19a2422_2046_7830559@N07.jpg
630	148	662	144	51	2
524	288	554	288	51	1
362	262	390	262	5	1
696	320	722	318	5	1
616	426	644	426	1	1
2074058792_47d5ab45fd_2044_66436229@N00.jpg
166	206	185	206	75	1
104	80	124	84	75	2
343	73	363	70	51	2
293	206	314	207	16	2
235	256	253	254	5	2
249	114	266	113	51	1
2075572172_f707159aa0_2193_14954676@N06.jpg
306	94	322	91	51	2
312	169	329	164	5	2
118	119	133	119	16	2
245	121	260	119	51	1
189	150	201	149	1	1
2075612437_dbe3c08dfb_2175_99503665@N00.jpg
162	126	198	126	28	2
626	126	652	126	28	2
410	94	436	94	28	2
830	156	852	152	75	2
744	174	766	174	75	1
2078459005_ffbddecb8a_2388_11909043@N08.jpg
198	71	217	69	28	2
389	98	406	97	75	2
113	129	130	129	28	1
295	146	312	147	75	1
80	152	90	151	1	1
2078529741_b010f5956b_2344_23324812@N00.jpg
196	230	248	228	28	2
672	234	720	240	28	1
556	110	598	114	5	1
840	352	886	346	5	2
402	188	442	186	1	1
2079971259_03007266b8_2266_21458686@N04.jpg
460	232	488	232	51	1
448	348	478	350	16	2
648	228	676	222	51	2
312	468	344	468	10	2
712	500	742	506	1	2
642	418	672	416	10	2
2080755318_dfa805ea27_2149_21458686@N04.jpg
266	446	302	442	51	2
506	534	540	534	5	2
492	374	520	374	51	1
384	314	408	316	16	2
608	348	632	350	10	2
696	470	722	476	5	2
2081454271_c761ef039e_2290_53638540@N00.jpg
764	150	798	144	28	2
450	188	480	182	75	2
586	172	622	172	51	1
302	138	332	136	51	2
178	162	206	164	28	1
2090592273_2c51da96d2_2359_11067542@N06.jpg
253	71	268	71	28	2
84	116	101	120	10	1
148	88	163	86	28	1
200	79	215	79	5	2
319	82	332	82	5	1
2091272114_9582324f67_2269_8319353@N07.jpg
318	196	340	192	51	1
178	154	204	154	51	2
812	170	834	174	75	2
616	180	638	182	51	2
512	200	532	206	28	1
734	246	756	248	75	1
420	236	440	236	28	1
2091508343_19ebe02577_2181_30318573@N00.jpg
271	178	286	178	10	2
177	116	190	118	10	1
355	189	369	189	10	2
344	107	357	108	10	2
266	75	280	75	16	2
270	234	282	234	1	1
182	203	195	209	5	2
2093254864_f94944fc43_2045_52481047@N00.jpg
210	232	246	234	51	2
380	288	412	286	51	1
528	404	560	404	10	1
788	258	820	260	16	2
616	304	646	302	16	1
2093257100_3ca6390864_2072_52481047@N00.jpg
762	214	798	210	51	2
624	276	660	276	51	1
244	236	278	238	16	2
416	282	448	286	16	1
470	402	502	402	10	1
2093258858_82f9af88ee_2343_52481047@N00.jpg
694	222	720	220	51	2
452	264	476	266	16	1
294	254	318	256	16	2
506	346	528	344	10	1
596	244	622	244	51	1
2099206445_65046b723a_2091_8349144@N05.jpg
738	228	770	218	28	1
132	198	166	194	28	1
864	222	896	212	28	1
532	230	568	228	28	1
288	232	318	226	28	1
2099265543_57acb493dc_2300_11067663@N05.jpg
285	143	312	140	51	2
190	223	217	219	51	1
81	261	107	262	10	2
113	109	137	110	16	2
201	94	223	97	16	1
264	316	289	313	5	1
2100166015_2b7dc595de_2133_12829613@N00.jpg
306	282	332	292	16	1
624	212	652	208	28	2
468	226	494	228	28	1
404	384	428	384	5	1
550	340	566	336	1	1
2102536910_47ace8ca6e_2205_54814082@N00.jpg
317	202	342	203	51	2
126	210	150	210	51	1
175	57	193	54	28	1
243	71	261	69	28	1
349	69	366	66	28	1
306	58	326	56	51	2
2102785134_7f75f123d5_2286_7310714@N06.jpg
177	136	190	135	51	2
74	40	86	39	16	2
99	130	111	129	51	1
207	45	220	43	16	2
144	45	157	44	28	2
2102790866_aa802b6b99_2029_7310714@N06.jpg
58	208	74	206	5	2
400	128	416	128	5	2
296	61	312	60	16	1
157	160	172	161	5	1
204	144	218	144	5	1
2106129478_8a4a6e35cd_2295_27199795@N00.jpg
104	488	140	488	5	1
148	120	184	122	16	1
418	140	456	140	16	2
296	148	328	142	16	1
442	550	480	552	5	1
2106264750_b37fb639e8_2206_14127593@N00.jpg
80	224	110	222	28	1
197	138	225	135	28	2
134	326	158	327	1	1
242	273	264	271	5	1
114	96	137	96	5	1
2107570949_6b9362511b_2144_39471939@N00.jpg
748	100	784	94	28	2
274	140	314	140	28	2
564	102	600	100	51	2
540	266	576	260	28	1
166	210	204	204	51	1
608	358	638	350	1	2
360	266	392	264	5	2
2107581835_eeeb6a4786_2396_39471939@N00.jpg
156	134	192	136	51	2
748	338	786	344	51	1
552	410	592	416	10	2
384	174	416	178	16	2
828	100	864	98	51	2
356	414	390	420	16	2
620	152	650	152	51	1
2108168815_6267eea1e3_2402_28264870@N00.jpg
762	114	794	114	16	2
254	308	282	310	5	2
624	358	652	360	16	1
560	136	588	130	16	2
776	384	802	382	16	1
2108294854_4ff41b8d7a_2235_39471939@N00.jpg
620	386	658	388	10	2
688	162	722	152	16	2
456	138	486	140	75	1
174	272	202	264	16	2
446	274	470	272	1	1
435	544	456	528	5	2
2108320992_d52cf114f8_2010_39471939@N00.jpg
744	230	794	218	51	2
260	404	306	402	75	1
168	242	214	244	51	2
480	336	524	338	51	1
666	258	708	258	51	2
2109246054_373cb288c2_2091_7830559@N07.jpg
486	336	506	336	51	2
466	482	484	486	10	1
324	380	342	378	51	1
282	502	300	504	10	1
192	496	208	494	5	1
2110879951_36d63c291e_2035_23651722@N00.jpg
378	272	410	276	51	1
628	300	662	294	51	2
600	154	632	154	28	2
462	160	492	160	28	1
564	392	594	394	1	1
2110907925_b0c269a187_2315_7630592@N06.jpg
276	108	294	108	28	1
228	55	246	56	28	2
103	106	118	107	28	1
392	139	411	140	28	1
158	166	175	165	28	1
347	83	364	81	28	2
2111356225_b598457aed_2342_37996580409@N01.jpg
260	182	290	185	28	1
110	62	138	62	28	2
340	149	367	147	5	1
160	142	179	144	1	2
2111517211_c0a6e4f096_2124_93295518@N00.jpg
196	180	217	179	28	2
265	160	283	162	28	1
108	96	124	96	75	1
356	47	372	47	28	2
247	61	263	58	51	2
2112973676_b646bac251_2304_73439432@N00.jpg
778	302	820	296	28	1
188	268	230	270	28	1
426	276	468	286	51	2
600	340	638	346	51	1
592	80	626	76	28	2
358	86	394	88	16	2
2113024831_2de6b5e3f6_2177_51131674@N00.jpg
396	184	422	184	28	2
738	170	766	168	51	2
580	196	604	194	28	1
230	198	254	200	28	2
494	142	514	142	51	1
2113606603_ace717427a_2343_23964389@N00.jpg
320	110	337	109	75	1
289	53	307	49	28	2
405	91	422	92	51	1
221	117	239	118	51	1
135	42	151	43	28	2
85	88	100	88	51	1
173	107	187	107	51	1
2114191276_0d1557d02e_2166_67683910@N00.jpg
624	276	670	264	16	1
348	340	396	338	10	2
206	224	248	228	51	2
774	212	812	208	28	1
514	272	558	274	16	2
2114500095_84facb112a_2013_85979850@N00.jpg
690	232	716	232	51	1
504	136	526	138	28	1
370	202	390	200	75	2
144	210	168	208	28	2
246	164	266	160	75	1
626	241	646	235	51	2
2115062148_0da17700d3_2344_10277014@N03.jpg
95	91	118	94	28	2
72	178	95	175	1	2
436	191	459	189	5	2
221	102	244	102	28	1
328	210	348	206	5	1
244	179	262	180	1	1
2116834409_bbd1ede2ae_2418_72195450@N00.jpg
365	181	393	177	51	1
243	230	272	231	75	1
57	136	82	134	51	2
149	174	175	172	51	1
275	119	300	115	51	2
2118057741_6f6073cb97_2030_69727789@N00.jpg
306	248	330	252	28	1
476	250	500	254	51	2
374	198	394	198	28	2
750	280	770	278	28	1
680	266	700	270	28	1
564	276	586	276	51	1
2118803149_555007a8ff_2415_64246909@N00.jpg
408	138	442	142	28	2
600	206	632	206	28	1
684	392	714	396	5	1
234	250	266	250	10	2
338	286	366	288	1	2
748	160	778	160	5	1
2119911693_4b0bf69a72_2131_68228150@N00.jpg
300	184	330	184	28	1
102	382	130	382	10	2
516	230	544	228	51	1
468	380	494	378	10	2
138	154	166	156	10	1
2121400375_3731730142_2238_10513838@N03.jpg
196	66	224	75	28	2
335	89	363	90	28	1
122	164	146	165	1	1
262	156	287	156	5	2
364	190	387	189	1	1
2123181968_48aeed3247_2380_7981815@N05.jpg
698	238	726	238	16	2
206	194	232	192	28	2
586	140	610	140	51	2
530	216	556	214	28	1
638	320	660	314	5	2
364	226	388	222	28	1
438	172	458	170	51	1
318	306	340	301	1	1
2123344454_ae9f3c7a11_2001_15356129@N00.jpg
248	47	266	46	51	2
428	46	444	47	16	2
71	44	88	42	16	2
344	90	361	90	28	1
155	81	172	80	28	1
382	156	397	159	1	2
260	128	274	131	1	2
2123766567_b6ac355650_2130_19211054@N00.jpg
518	582	562	570	75	2
244	274	288	274	28	2
628	260	664	262	28	2
134	316	172	320	28	1
376	652	420	650	75	1
368	854	404	842	1	2
422	282	458	284	28	1
169	665	205	666	5	2
2128936579_9dbdc0d7cb_2174_62348501@N00.jpg
358	206	410	212	28	1
146	478	188	474	51	1
598	148	636	154	28	1
818	164	858	170	51	1
576	442	616	444	51	1
2129298802_c533bce3d0_2068_7856247@N06.jpg
115	222	131	219	51	1
49	80	64	82	16	2
271	61	285	59	28	2
134	81	148	81	28	2
234	82	248	78	51	2
2129564655_c8a56d1076_2089_35834204@N00.jpg
380	258	408	258	51	1
566	254	592	258	51	1
138	168	168	164	51	2
506	534	532	534	5	2
426	408	452	410	10	2
298	490	320	488	5	2
160	428	184	424	10	1
494	208	523	207	51	2
252	245	275	239	51	1
2130601107_df2d321cc1_2050_50435419@N00.jpg
376	144	424	144	51	2
234	484	290	484	28	2
886	352	936	348	28	2
528	546	582	542	28	1
84	142	130	134	51	1
708	190	752	196	75	1
2133043623_ec0786a884_2399_42783290@N00.jpg
290	330	312	334	28	1
196	228	218	228	28	2
604	330	626	332	28	1
804	228	826	230	51	1
452	336	474	334	51	1
464	266	478	266	51	2
349	261	364	261	75	2
566	274	580	271	75	2
648	278	664	278	75	1
2134028749_75628d554d_2202_85568283@N00.jpg
494	264	522	264	75	1
338	306	362	308	51	1
278	68	306	72	51	2
440	100	468	96	51	2
534	104	560	108	51	1
400	202	424	202	28	1
2134106347_6a8b6e0454_2262_16218902@N00.jpg
670	298	700	300	28	1
786	256	814	250	28	2
228	246	256	246	51	2
150	332	178	332	75	1
512	300	542	300	51	1
446	232	470	234	28	2
350	300	376	300	51	1
2134164804_9225511b7c_2420_21009349@N07.jpg
308	218	354	224	28	2
554	238	596	224	28	1
218	382	254	386	5	2
756	254	788	258	5	2
480	410	512	412	1	2
2134622167_496af9c401_2329_98568706@N00.jpg
270	252	312	264	28	2
678	364	724	362	28	1
176	658	222	652	5	1
444	462	482	460	5	2
690	644	724	644	1	2
2134874018_333010f752_2345_23982214@N00.jpg
478	578	504	576	16	2
322	550	352	544	28	2
172	590	204	590	16	2
178	388	208	382	51	1
512	338	540	336	51	2
2135091605_4d7b240bc8_2006_48384955@N00.jpg
144	308	178	308	75	2
268	374	294	374	75	1
566	308	586	308	28	2
926	338	946	336	28	2
748	316	764	316	51	1
826	310	846	312	51	2
2135450480_a5591f129b_2152_27353659@N00.jpg
274	140	310	144	28	2
506	152	542	148	51	2
704	224	736	220	51	1
810	216	842	218	28	1
108	250	142	250	28	1
2136908634_dce802a576_2265_41091619@N00.jpg
422	474	458	470	10	2
840	300	866	302	75	1
338	222	366	224	28	2
572	252	602	250	28	1
248	138	276	136	28	1
242	524	270	524	5	1
2137194110_74c7ae26ab_2280_7660546@N04.jpg
784	158	818	154	51	2
274	146	300	150	75	2
564	454	596	452	75	1
546	204	572	206	75	1
420	408	452	410	51	1
400	196	424	200	51	1
666	206	694	204	51	1
2139172841_61d11df8e2_2164_8037877@N03.jpg
474	224	504	224	51	2
46	434	68	428	51	2
140	220	160	218	51	2
408	228	432	228	51	1
558	230	580	234	28	2
128	440	150	440	51	1
304	220	324	222	28	1
2139361047_a66f5389f9_2090_42783290@N00.jpg
294	148	312	150	28	2
672	160	692	156	51	2
370	222	390	224	28	1
474	202	494	200	51	1
570	208	588	206	28	1
2139425544_22b41d0b58_2220_48929795@N00.jpg
654	410	700	412	16	2
320	446	360	448	16	2
220	170	254	168	16	2
620	160	656	160	28	1
840	198	874	194	16	1
410	154	444	150	28	2
2139762942_edbdd39fb9_2148_84279479@N00.jpg
148	98	163	98	75	2
308	143	324	142	51	2
83	119	100	119	28	1
402	153	417	154	51	1
374	283	389	284	5	1
270	98	283	97	28	2
216	162	230	162	51	1
2140640478_62516c6f5d_2207_9757587@N05.jpg
266	326	290	330	51	1
782	232	806	226	28	2
178	282	202	284	51	2
690	226	716	228	28	1
636	316	658	314	28	2
468	346	492	348	28	1
581	471	594	466	1	2
2140642416_21f3104ca3_2088_9757587@N05.jpg
228	128	252	132	51	2
328	184	354	180	51	1
738	176	762	170	28	2
626	312	648	310	28	2
626	192	650	190	28	1
458	330	482	332	28	1
570	522	588	522	1	2
2143423622_5160f17a84_2256_23846787@N00.jpg
652	118	682	116	28	1
800	94	828	88	28	2
164	126	192	122	28	2
508	110	536	110	51	2
372	120	400	122	51	1
2148376147_b089a270f8_2066_7255089@N05.jpg
756	92	778	92	28	2
254	64	276	64	51	2
474	150	494	152	51	1
400	84	420	86	28	2
552	122	574	122	51	2
666	146	686	148	28	1
743	171	759	174	1	2
2148687584_21228ce741_2075_44281394@N00.jpg
322	250	344	250	28	2
234	306	258	302	28	1
746	414	768	414	28	1
416	318	436	322	51	1
664	324	688	326	28	2
516	324	538	324	51	2
2149224295_60b9afb53c_2350_15134099@N05.jpg
168	428	220	446	16	2
420	402	478	396	75	2
298	216	352	232	51	2
668	436	720	426	51	1
824	402	876	382	16	2
2150352154_d3171a4acd_2207_19499218@N00.jpg
804	376	828	374	51	2
524	106	548	110	51	2
340	116	366	116	28	2
198	380	220	384	51	1
338	264	362	264	16	1
688	268	714	270	28	1
2156486009_3b8500613f_2227_13446629@N03.jpg
378	270	404	268	51	2
262	458	286	458	10	2
424	452	450	452	28	1
266	332	288	324	28	1
382	480	402	482	10	1
443	308	462	291	16	1
2156745520_dbfe051721_2339_7322882@N05.jpg
556	476	584	478	28	2
320	224	346	224	51	1
426	364	456	364	28	1
454	174	478	172	51	2
206	258	232	260	16	1
694	208	716	206	28	1
580	204	604	204	51	1
2161866324_115ed1ba2b_2180_83504395@N00.jpg
802	70	838	68	51	2
214	90	250	90	28	2
712	368	746	370	10	1
390	166	426	164	28	1
554	174	580	170	51	1
514	414	542	414	5	1
700	172	726	172	1	1
2163316087_006ed1bc0c_2129_9978153@N02.jpg
282	57	294	54	51	2
130	78	140	79	28	2
200	93	209	92	51	1
247	137	259	137	10	1
240	82	249	80	51	1
162	78	174	78	51	2
2166577829_08b61ff7b7_2272_8566779@N06.jpg
223	291	238	291	5	2
331	182	345	183	75	1
207	198	220	198	51	1
299	52	311	52	51	1
185	75	197	77	28	1
220	57	232	56	28	1
2168089170_b3ce2e60a6_2208_72399739@N00.jpg
438	436	474	430	28	2
166	328	194	338	28	2
616	324	646	320	51	2
314	314	338	308	28	1
498	330	526	328	51	1
257	421	278	413	1	2
716	353	745	339	28	2
2170941900_48b52d2e19_2333_21425863@N00.jpg
512	244	544	244	28	2
416	330	446	338	28	1
742	284	772	280	51	2
652	340	682	338	75	1
286	200	318	204	28	1
2172875881_714f2a9c0a_2375_22231134@N00.jpg
558	308	582	312	28	2
390	340	420	336	51	1
468	308	490	304	51	2
760	356	782	364	51	1
754	292	776	294	51	2
632	368	658	364	28	1
2174466108_733df5f111_2207_8818100@N07.jpg
804	208	842	210	51	2
368	212	400	214	16	2
192	278	226	278	16	1
660	278	692	282	51	1
510	328	538	326	28	1
2174576451_d827d22cfb_2242_86858813@N00.jpg
406	398	448	398	51	2
540	74	578	72	28	2
340	86	374	92	28	1
588	442	626	438	51	1
670	98	702	92	28	1
2174754353_f6a9f0ae8d_2269_77981285@N00.jpg
242	234	286	234	75	2
770	356	814	354	28	1
732	142	776	136	28	2
518	336	560	330	51	1
554	158	590	162	28	2
2175989920_a96e122e47_2335_26987317@N00.jpg
226	262	254	264	51	2
394	330	418	332	51	1
562	316	584	318	28	1
772	276	798	272	28	2
634	268	656	266	28	2
2178036221_0560f60fcf_2214_10424438@N08.jpg
250	262	282	262	51	1
740	272	770	270	51	2
534	196	562	202	28	2
650	258	676	254	28	1
424	358	444	360	1	1
2179375033_dee5478cc1_2180_47568208@N00.jpg
116	136	140	146	28	1
410	390	436	394	51	2
228	274	254	278	51	1
428	110	454	112	28	2
204	128	230	130	28	2
546	184	570	188	28	1
2179993458_31a230822b_2216_8151471@N08.jpg
92	96	105	96	16	1
223	90	234	90	28	2
154	122	165	122	16	2
202	143	213	141	10	2
286	114	297	111	16	1
317	129	327	129	5	1
254	144	263	143	1	1
365	121	375	119	28	1
2181226160_7c2214e5dd_2341_9832165@N05.jpg
804	160	836	162	51	2
548	162	574	160	75	2
278	200	300	196	51	1
452	386	470	386	75	1
418	202	438	196	51	1
659	154	679	152	51	2
2181287020_e92d519011_2337_7978959@N08.jpg
190	426	216	428	75	1
252	166	276	166	28	2
472	414	500	414	75	1
468	174	494	176	51	2
90	276	116	276	28	1
564	252	590	254	51	1
392	292	416	290	28	2
2181525163_18b9ddd36a_2118_56473863@N00.jpg
814	288	842	284	28	1
96	310	128	312	28	2
252	358	274	360	28	1
392	318	408	320	28	2
544	328	562	326	28	1
588	335	606	328	28	2
728	321	749	319	28	1
2184263657_882758ebd8_2324_21400760@N03.jpg
218	92	230	94	51	2
328	172	340	172	5	2
340	110	351	106	16	2
286	113	297	114	28	1
225	151	237	152	10	1
148	107	159	110	16	2
2184494336_f14364b25b_2192_73903784@N00.jpg
335	50	353	47	51	2
152	112	169	115	10	1
209	56	225	55	51	1
113	171	130	171	5	2
368	73	384	74	10	1
252	96	267	93	5	1
2184494536_3cc5492fc5_2043_73903784@N00.jpg
225	179	247	178	5	2
378	55	397	59	28	1
102	119	120	121	16	1
161	94	181	94	16	1
247	63	264	65	10	1
297	81	311	70	5	1
2185143805_ba75583206_2036_22733524@N06.jpg
584	234	620	216	51	2
664	392	710	388	28	2
310	182	346	184	28	2
458	154	496	160	28	1
474	308	514	300	51	1
2185289459_9ab003e90b_2319_9581394@N02.jpg
285	261	305	265	5	1
372	131	394	133	28	1
207	108	226	106	16	1
116	117	134	119	16	1
295	122	310	123	16	2
2187051780_73ef85f06d_2087_11339081@N07.jpg
296	102	318	102	51	2
754	334	776	332	28	2
412	132	430	132	51	1
346	178	366	178	51	1
656	158	674	160	16	1
550	346	570	346	51	1
712	378	726	378	5	2
432	353	453	344	5	1
537	142	554	143	16	1
2195921103_7bcc435308_2148_99319294@N00.jpg
784	310	822	312	28	2
232	334	270	338	28	2
492	350	528	350	28	1
322	192	352	194	28	2
732	180	764	174	51	2
494	494	526	494	1	1
518	208	550	210	51	1
2196337959_d833d21f21_2374_34372001@N00.jpg
688	100	722	100	51	1
574	104	604	104	28	1
484	132	514	128	51	1
378	104	408	104	28	1
240	128	270	122	28	1
432	321	462	310	10	2
2196687572_4fb350e9f1_2352_42139548@N00.jpg
91	219	131	218	16	1
55	78	86	83	28	1
399	59	430	60	16	1
204	150	237	154	51	1
296	159	324	157	28	1
379	215	412	204	51	1
2196907265_4be1a198c1_2177_20389714@N07.jpg
262	166	273	163	28	2
165	94	175	94	28	2
360	124	370	125	10	2
119	152	130	154	28	2
258	68	267	68	28	2
342	62	354	60	28	2
2197269165_795d200718_2005_94519987@N00.jpg
790	410	824	412	28	2
534	440	562	444	5	2
660	316	688	318	10	2
216	372	242	374	5	1
342	362	366	358	28	1
532	320	558	314	16	1
402	404	426	402	5	1
155	379	184	379	75	2
2197694518_1c41a9f7e0_2328_20389714@N07.jpg
175	149	186	149	28	1
356	84	366	85	28	1
304	172	314	169	28	1
284	79	292	78	28	1
239	122	248	122	28	1
104	183	112	183	10	1
2198734265_855e0d61bd_2219_22388128@N07.jpg
312	444	364	448	51	2
320	180	366	180	51	2
498	296	542	290	51	1
726	178	774	184	51	1
2199296364_5446789d22_2053_34372001@N00.jpg
468	344	494	340	10	2
696	178	718	176	51	1
574	148	598	146	51	2
488	218	512	220	51	1
282	188	306	188	16	1
196	186	218	184	28	1
374	180	398	178	28	1
2201552531_a05d6eba03_2024_98061969@N00.jpg
435	108	447	109	51	1
358	51	370	50	28	2
276	56	287	56	28	2
219	82	229	81	28	1
168	98	179	98	28	1
71	105	80	104	51	1
111	116	121	116	51	1
2201553033_21637363ec_2318_98061969@N00.jpg
301	59	311	60	28	2
224	65	235	64	28	2
352	109	362	110	51	1
399	112	410	112	51	1
80	101	90	100	51	1
131	103	141	102	28	1
179	86	189	86	28	1
2201554325_a9de82e7c3_2263_98061969@N00.jpg
426	69	439	69	51	2
277	49	290	51	28	2
212	75	223	75	28	1
349	47	361	48	28	2
88	85	99	85	51	1
161	90	172	90	28	1
2201557259_2cce162394_2366_98061969@N00.jpg
85	152	103	154	75	1
370	70	388	67	28	2
406	68	422	68	28	2
247	99	262	99	28	1
165	122	181	120	28	1
304	127	319	125	51	1
2201878320_57d690c352_2182_98734213@N00.jpg
592	248	634	248	28	2
414	256	454	256	28	1
258	344	298	342	10	1
736	310	764	314	16	1
632	450	656	446	1	2
2201879156_474b223074_2410_98734213@N00.jpg
578	126	610	126	28	2
458	120	488	126	28	1
330	190	358	192	10	1
704	178	728	172	16	1
612	280	630	282	1	2
2202283133_7268c87307_2223_22958141@N03.jpg
194	426	228	422	10	1
836	404	868	406	28	1
580	206	606	208	16	1
466	130	492	130	16	2
384	370	412	368	16	1
644	366	674	364	51	1
2202491200_363b93ef0b_2161_8561538@N02.jpg
298	220	322	217	51	2
402	100	425	94	28	1
248	262	269	261	5	2
148	111	170	114	51	1
225	179	245	173	10	2
2202599313_70fd33d216_2057_11750562@N07.jpg
300	126	315	126	51	2
257	52	272	52	51	2
210	172	226	170	51	1
171	68	187	67	28	2
284	223	297	223	5	1
348	91	363	90	28	1
2206581950_c35d6b0fa6_2344_9798239@N04.jpg
388	180	413	172	28	2
276	149	299	144	28	1
311	66	330	65	51	1
77	41	100	44	51	1
419	66	441	66	51	1
142	151	163	139	28	1
2206924455_db6f89c47c_2032_8304333@N02.jpg
62	62	84	60	28	2
330	69	352	69	51	2
139	107	161	107	51	1
375	117	395	110	51	1
220	84	241	84	28	1
269	147	290	148	75	2
2207715272_4360400b99_2263_8304333@N02.jpg
127	99	145	100	51	1
353	102	372	98	51	1
230	130	246	131	75	2
313	63	330	62	51	2
177	60	193	62	28	2
224	70	241	68	51	1
2208764582_df179e4a69_2368_9386376@N07.jpg
63	169	88	169	10	2
400	147	425	150	28	1
127	65	151	65	28	2
198	122	220	123	5	2
327	175	349	176	5	2
2209742402_fd1540b1f0_2372_73439432@N00.jpg
296	474	336	474	28	2
194	224	232	228	28	2
414	226	446	226	28	2
796	486	832	484	28	2
802	286	832	284	28	2
610	250	640	248	28	2
2211427985_98e6a40ef5_2351_16863429@N00.jpg
172	86	185	90	16	2
400	84	412	84	28	2
94	67	107	69	16	2
266	108	278	105	51	2
330	113	342	113	28	1
224	113	235	116	51	1
2212180178_d66ea5b99e_2152_89286163@N00.jpg
608	360	628	362	28	1
358	378	378	376	51	1
382	206	400	206	28	2
470	374	486	374	51	1
510	212	526	208	28	2
622	178	638	176	28	2
2216562667_5ccc121793_2381_60246295@N00.jpg
370	360	386	360	28	2
696	246	712	246	28	1
214	246	230	246	51	1
526	226	540	228	28	2
628	244	640	244	28	1
550	368	566	368	28	1
428	240	442	242	51	1
316	222	334	222	51	2
2218307219_52968ac32a_2249_23153152@N02.jpg
368	222	388	220	51	2
180	252	200	252	16	2
590	264	610	260	16	2
466	266	488	264	51	1
372	464	392	464	5	2
270	374	288	374	10	1
2220241462_0a6a2747fe_2350_11025819@N00.jpg
184	174	218	176	28	2
320	178	348	178	51	1
806	148	830	150	28	1
692	228	712	226	51	1
470	300	488	300	5	2
440	203	462	208	75	1
2220573571_804e0eff43_2132_94616208@N00.jpg
676	142	710	142	51	2
632	294	660	292	28	1
636	458	670	448	5	2
196	274	226	274	51	1
438	258	464	256	51	1
2221397266_462eab6ba2_2138_24438374@N00.jpg
109	83	127	86	75	1
372	165	390	163	28	2
302	88	319	89	75	2
393	99	407	96	51	2
169	95	186	98	51	1
241	69	255	69	28	1
216	103	228	99	1	2
2221883015_514394b0a2_2301_28778426@N00.jpg
350	150	382	158	28	2
220	256	254	256	28	1
468	400	504	390	51	1
864	242	900	244	28	1
682	270	716	268	28	1
2222674384_765b22998d_2104_28778426@N00.jpg
254	168	288	172	28	2
732	258	770	256	28	1
404	414	440	412	51	1
564	282	596	278	28	1
434	294	466	288	28	1
2228100915_12125e946a_2179_8812323@N08.jpg
276	278	314	282	28	2
798	290	836	292	28	2
538	320	570	316	16	1
406	142	434	142	51	2
570	134	598	134	51	2
258	158	282	154	51	1
718	160	744	158	28	1
2228971778_c6a954482c_2234_29889401@N00.jpg
896	126	934	124	28	2
300	158	330	160	51	2
636	394	664	406	10	2
542	190	568	178	28	1
396	208	426	208	51	1
709	193	741	190	16	2
2229031550_fd80169070_2076_74953783@N00.jpg
494	224	532	222	51	1
654	192	690	184	51	2
288	280	332	274	28	1
814	322	850	320	28	1
154	196	198	196	28	1
2229119294_3ddeb896be_2004_74953783@N00.jpg
568	174	590	168	28	2
710	174	734	174	28	2
502	182	522	184	28	1
370	208	390	208	28	1
286	206	306	204	51	1
2229293314_2436b79f0b_2225_13875001@N00.jpg
240	422	278	414	51	1
628	302	666	300	28	1
776	272	810	274	28	2
448	280	480	280	28	1
578	212	606	210	28	2
2229985817_3e3dc0dcc7_2232_16104739@N00.jpg
678	230	702	226	16	2
552	292	572	296	10	2
724	136	746	134	16	2
570	132	590	128	28	2
466	186	486	184	28	1
224	196	244	194	28	1
342	220	360	220	16	2
2230360320_dd86086714_2410_45147375@N00.jpg
688	280	716	278	51	2
198	338	224	336	16	1
600	350	630	348	51	1
344	596	368	598	5	1
270	280	292	280	51	2
702	136	720	132	5	1
437	251	471	247	75	2
2231312628_0bf0d26e0f_2298_8151471@N08.jpg
227	102	245	103	28	1
298	69	314	68	51	2
109	91	127	92	16	2
406	91	423	92	16	1
363	100	376	97	5	1
164	102	181	102	16	2
2232201962_a4277f0bb0_2162_23340683@N02.jpg
327	74	341	74	28	1
219	146	233	149	28	1
223	41	235	40	28	2
164	235	176	233	1	2
156	113	169	113	10	2
271	181	282	185	5	2
2232684527_cd217d5be7_2110_7172491@N06.jpg
490	76	518	74	51	2
670	148	696	150	28	1
300	90	326	90	28	2
802	194	826	196	28	1
192	166	218	164	28	1
432	162	454	168	51	1
2234441833_8c2aa712f8_2190_36011654@N00.jpg
716	342	764	344	16	1
184	188	230	188	16	2
594	164	640	162	51	2
420	344	466	348	75	1
386	132	424	134	16	2
2235345109_9d05e58cc5_2123_23399177@N02.jpg
410	418	440	416	75	2
234	494	264	494	10	2
580	134	610	132	51	2
432	172	460	168	51	1
780	570	806	564	5	1
634	441	668	436	75	1
2235384753_5a8321d31b_2309_10478582@N05.jpg
658	160	702	154	28	2
202	148	238	154	51	1
578	196	616	206	28	1
320	158	354	152	28	1
404	184	434	170	51	1
2241295010_4e53746292_2050_49503168704@N01.jpg
400	426	428	428	51	1
576	178	606	184	28	2
496	260	524	256	51	1
190	230	216	228	51	1
346	260	374	258	51	1
2241473431_79ec60387d_2384_10047035@N00.jpg
286	266	318	264	51	2
388	356	422	352	75	1
584	300	618	298	51	1
438	170	466	166	28	2
564	184	588	176	5	2
257	404	292	408	51	1
720	328	752	312	28	2
2242266012_c94f47d568_2299_10047035@N00.jpg
408	222	434	218	51	2
244	220	268	224	28	2
530	254	558	252	75	1
144	272	170	268	51	1
326	300	348	304	28	1
752	266	772	260	5	2
691	228	718	215	28	2
2242276670_7d29d93153_2146_10047035@N00.jpg
810	214	840	216	28	2
206	236	236	238	51	2
554	236	582	238	28	2
722	262	746	264	28	1
362	272	390	272	51	1
474	304	500	300	28	1
640	282	662	284	5	2
2242752212_806aa56756_2030_10180327@N02.jpg
762	222	796	218	51	2
154	246	186	242	51	2
264	314	294	314	51	1
420	320	450	318	28	1
498	246	530	242	28	2
172	424	196	424	1	1
624	266	655	263	75	2
2242753866_be6b84c9c5_2032_10180327@N02.jpg
852	188	890	184	28	2
688	238	728	234	75	2
550	218	586	216	28	2
182	222	216	220	28	2
476	292	510	290	28	1
320	292	352	294	28	1
202	416	228	416	1	1
2242755476_c8e79423dc_2311_10180327@N02.jpg
796	206	848	200	28	2
606	240	652	240	28	2
508	358	550	362	28	1
326	338	370	340	28	1
244	244	284	240	28	2
218	542	250	530	1	1
2246221356_1992c46b3e_2375_20755575@N08.jpg
486	348	526	344	28	2
766	394	808	394	51	1
264	430	304	422	75	1
370	130	406	130	28	1
568	138	604	134	51	1
190	168	226	162	51	1
737	191	773	178	51	2
2248348957_0bfdd7c129_2160_20003823@N00.jpg
512	42	534	44	28	2
678	72	700	70	28	1
614	48	634	44	28	2
386	28	406	26	28	2
174	42	194	42	51	2
274	56	294	54	28	2
76	74	94	68	51	1
2249105149_258affd272_2295_21774589@N02.jpg
548	410	586	408	51	2
292	466	330	468	51	1
382	112	416	116	28	2
96	556	132	556	10	2
538	246	568	244	10	1
164	196	196	196	16	1
2249217552_4eb67b4b03_2354_13754572@N06.jpg
606	296	672	302	28	2
210	190	266	186	10	2
760	232	812	232	10	2
754	446	806	446	5	2
322	522	374	528	1	1
2249606708_3df8bf2d44_2246_10117222@N04.jpg
300	138	316	138	75	2
172	153	187	152	75	1
201	55	212	56	28	2
294	38	307	38	28	2
127	65	140	66	28	1
366	53	377	52	51	1
2249901822_92fe8fdba4_2331_21774589@N02.jpg
99	194	115	194	16	1
145	143	159	142	51	2
231	158	246	158	51	1
152	37	165	37	16	2
310	201	323	198	10	2
250	70	262	70	16	1
2251298080_0f2d33d4cd_2052_41072040@N00.jpg
318	154	346	162	75	2
546	396	580	394	51	2
426	286	452	286	51	1
648	180	672	174	28	2
542	134	566	134	28	1
544	244	564	242	5	1
2252241394_5eb0bd78ae_2129_37982855@N00.jpg
758	370	800	368	5	2
302	372	342	378	5	2
194	120	228	120	28	2
824	92	860	90	28	1
472	440	510	440	5	2
576	140	606	134	75	1
372	130	402	130	51	2
2252371932_c9fe09f0a7_2259_8592364@N08.jpg
368	82	382	79	51	2
295	101	309	97	28	2
133	78	147	77	51	1
183	104	197	103	28	1
237	108	250	107	28	1
2252747361_1d1ca56afa_2270_49754823@N00.jpg
354	308	376	310	28	1
552	308	572	308	51	2
500	356	520	354	51	1
588	350	606	346	51	1
430	274	448	274	51	2
428	358	444	356	1	1
2252747637_9407c85692_2318_49754823@N00.jpg
592	258	612	260	28	2
460	308	480	310	51	1
686	262	706	262	28	1
338	304	356	308	28	1
432	232	448	228	28	2
408	318	425	317	1	1
2254246366_2b224f0760_2371_49754823@N00.jpg
546	248	566	248	28	2
512	334	532	334	28	1
326	266	346	266	28	1
614	328	634	328	28	1
398	196	416	196	28	2
454	395	469	395	1	1
2256467391_255c805201_2062_11653009@N08.jpg
152	298	186	300	28	2
842	148	870	146	28	1
370	264	396	268	51	2
534	276	562	276	28	2
702	246	726	248	51	1
2256805046_4680672e0f_2369_42179360@N00.jpg
76	268	118	272	51	2
210	346	248	350	28	1
802	266	834	270	28	2
906	322	936	326	28	1
614	372	646	370	75	1
455	297	489	300	75	2
2257162332_c7d2e69f1d_2418_24283658@N00.jpg
604	276	642	276	51	2
856	338	890	336	51	1
478	420	514	420	16	2
108	312	142	314	16	2
404	278	438	278	51	1
2257221150_6d8dd800d7_2414_81918532@N00.jpg
664	354	692	354	16	2
296	382	324	384	28	2
704	92	730	88	28	2
566	96	594	100	28	1
550	336	576	336	16	1
2257641648_87b49d1291_2320_8242299@N04.jpg
802	316	834	324	1	2
746	238	778	234	28	1
412	236	440	232	28	1
228	222	258	224	28	1
266	320	294	318	1	2
536	266	558	268	1	2
2262088788_cd30561527_2344_35093133@N00.jpg
568	164	594	162	28	2
708	210	734	208	28	1
306	160	334	158	28	2
224	184	248	186	28	1
438	206	464	204	51	1
2265946617_2421a1ef1b_2405_49914560@N00.jpg
796	120	834	118	28	2
472	278	502	276	28	1
340	336	370	334	51	2
624	382	658	380	28	1
148	212	176	214	51	1
2267004451_e3caebc0bf_2153_15017163@N00.jpg
342	188	396	188	28	2
116	268	164	276	28	1
886	390	940	390	51	1
602	204	656	198	28	2
526	474	568	466	1	1
2267735725_1bc32931fe_2058_21322900@N00.jpg
456	108	478	102	10	2
300	148	326	152	5	2
714	168	740	162	5	1
438	218	460	214	5	1
380	146	400	146	5	2
520	292	542	290	5	2
550	124	572	120	10	2
660	158	681	165	5	1
2267751471_caeff7a289_2245_21322900@N00.jpg
380	144	402	146	75	1
532	150	552	148	51	1
620	120	638	118	51	1
292	136	312	136	51	1
462	116	482	116	51	1
744	132	760	132	75	1
2268522830_1c7712cda8_2136_21322900@N00.jpg
468	444	514	442	5	2
880	152	928	146	10	1
714	158	760	156	5	1
396	224	434	224	5	2
546	210	590	208	5	1
161	186	208	207	10	2
285	177	325	193	5	2
2268910897_71f23facb3_2330_10357196@N03.jpg
756	182	780	188	51	2
636	234	654	236	28	1
232	176	254	176	75	2
410	200	428	204	51	2
502	246	518	246	51	1
2270946500_3d4773ced0_2050_73266640@N00.jpg
103	195	131	194	28	2
268	155	293	147	28	2
192	145	217	143	28	1
123	95	145	99	28	1
345	170	368	171	28	1
2277060979_1b8a540e07_2059_23921651@N05.jpg
230	316	268	318	28	2
660	474	692	474	5	1
194	150	224	152	16	2
606	342	638	340	10	1
386	184	416	184	16	1
594	208	626	206	16	1
367	504	408	491	28	1
2278108573_a994467f87_2205_44124266211@N01.jpg
832	246	856	242	51	2
390	368	416	372	75	1
646	450	668	450	5	1
324	242	348	242	28	2
760	404	782	406	5	2
546	349	571	351	75	2
2279925268_1eb66ce339_2244_55579714@N00.jpg
204	179	219	177	28	1
151	243	165	242	5	2
121	156	133	157	28	2
237	245	249	244	1	1
93	216	105	216	1	1
2282150319_d64fb5a5bf_3241_35034345387@N01.jpg
272	414	306	410	28	2
576	416	602	416	28	2
324	258	348	260	28	1
564	282	586	282	51	1
650	288	670	284	28	1
462	304	484	304	51	2
418	364	432	362	1	1
2284661792_5989044bb1_2314_23859729@N03.jpg
232	308	264	318	16	1
208	564	236	574	16	1
362	594	396	592	16	1
344	390	376	388	16	1
534	566	564	560	16	1
322	184	350	182	16	1
418	340	444	338	16	1
2288117348_48c91997c5_3127_63076241@N00.jpg
377	121	398	125	51	2
205	126	226	123	51	1
311	44	331	44	28	2
124	118	145	120	28	1
224	54	243	55	16	2
318	131	333	132	1	1
165	66	182	79	28	1
2288296653_e5bae61b4b_2276_15882728@N00.jpg
184	223	202	221	28	1
89	109	105	109	28	2
324	73	339	73	51	2
179	98	194	100	28	2
239	197	253	198	10	2
403	132	418	133	51	1
320	290	332	299	5	1
2288427053_5ebdccdaae_2139_65763174@N00.jpg
866	346	906	348	28	2
156	358	190	360	28	2
768	364	796	364	28	1
304	330	330	328	28	1
592	270	616	270	28	1
504	250	526	248	28	2
2291461787_e03ff253b5_2123_11324320@N08.jpg
152	120	180	124	28	2
844	140	872	136	75	1
286	100	314	104	75	2
780	128	808	128	51	1
428	114	454	112	51	1
616	130	640	124	51	1
634	228	652	224	1	2
534	145	561	139	51	1
2293625193_0835931b73_2391_20201884@N00.jpg
66	164	86	164	16	2
186	135	204	140	16	2
286	150	303	152	16	2
349	205	368	203	16	1
240	240	258	241	10	1
374	123	394	117	51	2
2294098943_348db29170_3210_21523375@N06.jpg
456	522	482	526	28	1
498	418	520	416	28	2
276	368	300	368	28	1
474	104	500	106	51	2
332	184	356	184	51	1
196	196	214	200	28	2
2294779293_722631c599_3156_58191008@N00.jpg
376	298	424	294	51	1
658	240	700	232	51	2
188	142	238	140	28	2
728	118	772	110	51	2
382	50	418	48	51	1
488	154	522	154	51	1
509	272	543	279	1	1
703	388	740	367	1	2
2297465589_1d370c4ae0_3190_83345467@N00.jpg
254	175	267	173	10	2
214	52	225	53	51	2
133	49	144	49	51	1
335	57	346	55	28	2
278	62	289	62	28	1
2297830378_3a41db2499_3049_56521452@N00.jpg
262	68	281	66	28	2
75	84	96	82	28	2
199	116	218	116	51	1
393	73	414	71	28	2
259	146	278	143	28	1
126	137	148	139	28	1
2300472046_c379ce2ff2_3026_11005126@N06.jpg
326	484	378	478	51	1
280	60	328	62	28	2
740	114	790	108	16	2
530	132	580	130	16	2
524	532	562	530	5	2
749	527	806	544	51	1
2305342318_ebaaf5d247_2175_22339375@N07.jpg
558	212	600	204	75	2
314	102	344	110	28	2
234	176	262	186	28	1
814	122	846	120	28	2
352	218	382	216	51	1
760	234	790	236	16	1
2308740711_fc28bfaba6_3178_98734213@N00.jpg
448	166	478	166	51	2
568	342	598	342	10	1
606	226	634	226	51	1
312	266	338	268	16	1
432	282	450	278	1	2
2309026225_0a9b72c6ac_3024_22833921@N02.jpg
242	155	262	152	51	2
388	90	406	87	28	2
194	172	213	172	28	1
155	87	170	92	28	2
217	87	233	84	51	1
2311328109_6cea9dd256_2109_7465144@N02.jpg
125	90	151	90	75	1
80	166	102	167	1	1
397	67	417	70	5	2
235	161	256	166	5	1
223	56	241	56	1	1
2313976512_01433de35d_2251_98529240@N00.jpg
77	142	93	142	75	2
155	172	167	171	75	1
268	109	281	110	28	2
229	166	242	164	28	1
200	169	210	170	1	1
2317827956_5bc71ce420_2306_19703604@N00.jpg
72	212	110	214	16	2
560	98	598	94	28	1
484	260	520	256	10	1
292	246	330	240	10	2
844	234	880	230	16	1
675	276	710	273	10	2
2323264112_3c95c574c5_3093_92357396@N00.jpg
89	54	107	54	75	2
206	74	221	77	28	2
377	88	392	86	28	2
313	110	327	110	28	1
246	143	261	142	51	1
2324958860_c4ea41d6e9_3134_14081386@N03.jpg
182	268	193	269	5	1
105	269	117	269	10	1
85	80	96	80	51	1
226	269	238	267	5	1
156	90	166	91	28	1
265	240	276	237	16	1
239	53	249	53	28	2
2325536671_7631287366_2176_74074836@N00.jpg
100	48	116	50	28	2
190	44	204	46	51	2
391	76	404	74	28	1
313	57	327	56	28	2
262	69	275	69	51	1
2325836386_6d1093b2a5_2076_52905413@N00.jpg
496	174	522	174	51	2
112	212	140	210	75	1
704	198	728	196	51	1
378	208	402	210	28	1
774	194	798	192	51	1
612	280	636	280	10	1
185	162	215	163	51	2
2328392042_fb275ab0c8_2142_97434557@N00.jpg
670	148	700	140	51	2
554	294	584	294	51	1
462	182	492	178	28	2
156	260	188	258	51	1
332	224	362	220	28	1
418	449	454	449	75	1
748	187	779	177	51	2
2338054608_72aae9d723_2114_9776171@N06.jpg
390	388	426	384	75	1
122	424	154	422	10	1
342	212	372	210	28	1
230	250	260	254	51	1
496	394	522	384	28	1
228	373	255	364	5	2
2342220433_94cffc0cce_3215_24195771@N06.jpg
806	198	848	182	28	2
202	132	244	142	28	2
594	180	634	176	28	1
398	200	436	206	51	1
628	422	666	422	5	2
2350440015_2b3a5ccddb_2134_8236760@N05.jpg
506	330	558	330	10	1
608	194	658	198	51	1
702	502	748	510	10	1
256	468	298	470	5	1
417	96	458	113	28	2
2351127555_d28e87b681_2351_24833880@N08.jpg
377	115	389	113	28	2
324	107	334	105	51	2
231	111	241	113	28	1
120	129	132	131	28	2
255	102	266	100	28	2
172	121	183	121	51	1
2351907732_86d49b5bf1_2166_24833880@N08.jpg
110	424	128	424	28	2
550	380	570	378	28	2
232	440	250	438	28	1
436	404	454	400	51	2
350	414	368	416	28	1
2354655213_5acdd3a84c_2115_35917449@N00.jpg
856	190	882	186	51	2
406	248	432	250	28	1
562	172	588	172	28	2
130	188	158	188	28	2
268	232	294	230	28	1
448	341	469	339	1	2
684	257	708	248	51	1
2355562495_04365652f9_3024_58191008@N00.jpg
410	198	440	194	75	1
230	220	260	220	51	1
706	226	732	218	51	2
212	314	244	312	1	1
610	210	634	214	28	2
2358263076_c01f552cbe_3112_10516145@N07.jpg
868	120	888	118	51	2
312	142	330	142	51	1
420	116	436	114	51	2
542	152	560	152	51	1
208	150	226	150	51	1
786	166	802	166	51	1
91	159	111	158	16	1
668	110	689	111	51	2
2358296522_6887c4cf0d_2363_10516145@N07.jpg
324	528	356	528	28	1
566	508	594	506	16	1
182	100	208	104	51	2
318	146	342	146	51	1
470	308	494	310	28	2
288	311	319	313	28	2
2365326346_f7b4611d3c_3252_11256482@N00.jpg
202	164	224	165	51	2
254	74	270	73	28	2
275	195	295	196	51	1
131	82	148	83	28	1
352	108	368	106	16	2
112	257	129	253	5	2
2377249543_f2a49897e4_2014_46653945@N00.jpg
748	128	788	134	28	1
86	168	118	168	51	2
528	192	560	190	28	1
350	220	378	214	51	1
212	150	238	148	51	2
702	218	726	212	51	1
428	208	454	214	51	1
2377573870_c71a5a103a_2323_54133605@N00.jpg
97	59	112	59	28	1
226	39	240	38	28	2
285	158	300	160	10	2
146	298	161	295	5	1
49	218	64	219	5	2
158	155	172	155	10	2
2378477372_2e2c6a206d_2185_22672157@N04.jpg
664	264	702	268	28	1
188	194	230	198	28	2
446	196	480	208	28	2
870	334	906	330	28	1
530	270	558	266	1	1
2381714692_65c0acf218_2297_8626951@N06.jpg
147	75	178	77	28	2
296	96	322	94	28	1
327	190	351	188	1	1
83	168	106	170	1	1
228	161	251	160	5	2
2382054560_6259fbc3ee_3120_29062630@N00.jpg
404	215	427	217	28	1
225	221	249	220	5	2
90	219	114	217	28	1
277	80	299	81	28	2
138	85	157	82	28	1
208	83	227	85	51	2
348	58	369	54	28	2
2383704051_e93ef8475b_2029_25285939@N04.jpg
260	342	308	340	51	2
686	328	732	326	28	2
486	464	530	466	51	1
532	144	570	144	28	2
362	128	398	132	28	2
2385791399_f09d9abfcd_3030_58038537@N00.jpg
128	196	156	198	51	2
251	178	274	175	75	1
404	111	425	109	51	1
180	98	201	99	28	2
314	85	336	86	51	2
2388125929_07c84cfb1c_3115_90621219@N00.jpg
186	178	212	176	28	2
286	264	308	264	51	1
652	194	674	194	28	2
500	220	524	222	28	2
364	232	388	230	28	1
434	268	454	266	1	2
2397509784_a62dc1b277_2098_67091606@N00.jpg
322	122	362	122	16	2
236	244	276	246	16	1
474	384	510	388	28	2
778	306	816	302	16	1
560	140	598	138	51	2
614	354	652	352	51	1
2397611288_d4665d476b_3186_92283658@N00.jpg
186	218	236	224	51	1
538	204	584	214	28	1
726	110	772	108	51	2
360	290	410	284	16	1
722	302	766	296	16	1
544	428	590	432	10	1
2399226608_1bcbcaa65d_3219_11220502@N08.jpg
340	147	368	148	28	1
76	117	102	119	28	1
264	137	291	134	28	1
145	115	169	116	28	1
196	79	221	80	28	2
140	29	158	30	28	2
2401404428_8bf12e9277_3137_7553782@N06.jpg
320	189	334	186	28	1
276	148	289	146	28	1
241	129	255	131	28	2
140	144	151	145	28	2
77	149	96	150	28	2
196	116	206	116	28	2
2405253368_74b6e6764e_2237_24978814@N08.jpg
318	192	354	196	28	1
514	158	550	154	28	2
742	364	776	364	5	2
696	212	726	208	10	1
420	210	448	212	5	2
349	290	372	300	1	2
2407281161_6eb3ddef36_2351_70985475@N00.jpg
802	102	822	98	51	2
460	152	480	148	75	1
656	98	678	94	51	2
244	170	266	168	51	1
368	198	386	198	16	2
554	242	572	242	10	2
2407846896_efcc510076_3156_9092145@N08.jpg
191	93	205	94	16	2
110	75	126	80	51	1
235	80	250	80	51	1
253	189	267	190	10	2
76	103	94	106	5	1
2410244145_d6a46af600_3007_45736296@N00.jpg
341	64	355	63	51	2
240	87	252	88	51	2
162	91	175	91	28	1
109	80	122	82	75	1
286	86	297	86	51	1
183	131	194	131	1	1
2412259366_3b7a8e6695_2219_51505116@N00.jpg
658	162	682	162	51	1
478	394	500	394	5	2
392	280	416	278	10	1
294	338	314	334	10	1
500	167	523	167	51	2
2420681294_a3103068bd_2182_80307320@N00.jpg
321	168	345	167	51	2
224	66	244	65	16	1
83	102	105	99	10	2
387	103	408	100	10	2
164	196	187	194	51	1
2422467683_f6b548c898_2186_17306001@N07.jpg
584	510	644	508	51	2
352	456	404	444	51	1
252	116	304	114	28	2
170	544	218	550	5	2
494	206	538	206	28	1
722	692	776	694	5	2
2423280932_814b9a75c6_2057_17306001@N07.jpg
238	226	288	228	51	2
34	146	86	142	28	2
448	270	494	266	51	1
130	568	180	568	10	2
646	308	688	312	28	1
480	757	520	764	5	2
2433091716_74ef004f2e_2200_15137189@N07.jpg
233	186	251	184	51	2
344	184	363	184	51	1
299	132	315	132	10	2
202	84	218	84	10	2
359	249	374	249	1	2
109	180	123	177	5	2
2449870807_753c2643b4_2278_62218884@N00.jpg
320	300	340	302	75	2
518	280	540	276	28	2
368	276	388	276	28	2
168	324	188	326	28	1
616	298	636	296	28	1
443	314	464	313	75	1
2451614094_d16b1a0dd5_3147_75255210@N00.jpg
189	172	204	172	51	1
139	51	152	52	51	2
316	195	330	192	51	1
226	35	237	35	28	2
279	47	291	46	51	2
239	185	251	187	5	2
334	225	343	227	5	2
2451614168_5c3580e3e5_2378_75255210@N00.jpg
156	141	168	143	51	1
334	120	348	121	51	2
251	136	264	136	51	2
115	60	127	62	51	1
212	161	224	161	5	2
125	178	136	176	1	1
387	57	401	55	75	2
2456934374_24e868ed8b_2260_23149766@N08.jpg
784	222	826	226	16	2
274	182	320	180	51	2
606	328	652	322	16	2
146	374	186	374	10	2
372	340	412	338	10	2
504	216	542	214	51	1
2458532681_6ddba2ec3c_3109_35351767@N00.jpg
750	240	804	244	51	1
366	242	412	240	75	2
484	240	540	248	75	1
666	130	712	132	51	2
208	180	250	182	28	2
2460558407_d7c7c73ea5_3051_84425893@N00.jpg
222	190	236	190	5	2
315	69	329	67	28	2
80	113	95	114	28	1
105	180	118	179	10	2
175	102	189	103	51	1
2466789060_e17f096b18_2099_33452811@N00.jpg
346	166	372	168	28	2
466	196	492	196	51	1
256	182	278	182	28	1
714	176	736	174	28	2
802	206	822	204	28	1
562	205	589	200	51	2
2472810577_3de1410263_3128_25186460@N07.jpg
162	143	172	144	16	2
405	127	415	125	10	2
300	43	310	43	51	2
350	145	359	145	16	2
261	130	269	129	16	1
202	59	213	58	51	1
94	128	104	128	5	2
2475883623_a4c51c42b4_3146_99876441@N00.jpg
198	136	222	140	28	2
354	430	376	432	51	1
358	116	380	116	28	2
788	138	812	138	51	2
540	170	560	174	51	1
149	433	176	436	51	2
531	589	554	592	5	1
716	288	733	294	10	1
734	444	758	444	51	1
713	519	732	523	1	1
2478039565_7972d8ec08_3145_34427465750@N01.jpg
550	152	578	152	28	2
428	146	452	148	28	1
548	438	574	436	5	1
426	484	450	486	5	1
344	190	366	188	1	2
2481504024_d296ac72b9_2373_23324812@N00.jpg
600	144	656	140	16	2
748	172	790	174	16	2
248	146	296	150	51	1
484	318	530	322	16	2
370	106	410	108	51	2
2485465340_88346c8df0_3265_29801636@N00.jpg
538	616	592	620	5	1
290	248	346	244	28	1
370	488	422	492	10	1
140	358	192	366	10	2
208	725	260	731	5	2
2488411294_5b444f7cc6_3113_15115132@N00.jpg
177	50	189	48	51	2
184	172	196	172	75	1
56	67	67	65	51	1
72	135	83	136	51	1
277	35	288	37	51	1
2491941188_bc0901720f_3255_62565464@N00.jpg
486	564	544	554	51	2
144	654	196	646	51	1
612	260	660	250	16	1
384	252	434	246	16	2
200	312	242	312	16	1
2494456392_b185257b5f_2321_26590091@N08.jpg
384	204	434	202	28	2
552	204	586	206	5	1
676	140	708	146	5	2
348	382	384	382	1	1
807	63	842	66	5	1
2495538480_1005163c54_3288_26591045@N05.jpg
608	352	630	352	10	1
378	258	396	258	10	2
492	130	514	126	75	1
244	252	264	250	16	1
630	190	650	190	1	2
402	64	422	62	10	2
564	94	582	94	10	2
665	123	686	121	75	2
2505877802_3be7bbd204_2019_12504296@N07.jpg
378	210	404	210	28	1
176	186	202	190	16	1
574	268	604	270	28	1
280	216	306	218	28	1
734	216	758	212	28	1
650	174	674	174	28	2
478	233	502	236	16	1
2506581414_6e8d2bfc48_2071_8712440@N08.jpg
920	252	952	250	28	1
322	324	350	324	28	2
178	332	200	336	28	1
706	294	728	294	28	2
504	324	526	324	28	1
2506917695_ac473ca61e_3192_26750112@N06.jpg
212	265	235	266	51	1
73	100	95	99	51	2
440	120	462	122	51	1
220	93	240	91	51	2
163	48	183	47	51	2
2507816847_4414de063c_2326_11157565@N04.jpg
246	220	296	218	51	2
116	280	162	276	5	1
458	270	506	266	28	1
806	406	854	406	5	1
624	392	668	394	5	2
688	158	726	158	10	2
2507926055_9f50e19291_3208_75182953@N00.jpg
500	723	550	723	16	2
138	719	184	719	16	2
560	350	596	348	51	2
332	96	368	98	28	2
164	362	206	362	28	1
2508400957_12c79e18de_2062_11246063@N07.jpg
292	256	316	264	28	1
188	240	212	238	51	1
396	236	420	238	28	1
342	194	370	194	28	2
500	276	526	276	28	1
2511172624_46412988ba_2060_21487041@N03.jpg
138	245	160	245	75	1
429	111	448	111	51	1
98	164	118	163	16	1
251	198	268	197	51	1
154	109	171	109	51	1
64	114	82	115	28	1
204	211	221	210	28	1
333	90	351	92	51	2
339	230	364	228	75	2
2512384140_4d5d35050d_3017_12504296@N07.jpg
454	202	478	206	28	1
552	148	576	150	28	1
764	130	788	132	28	1
900	182	922	184	28	1
666	140	686	140	28	1
504	216	524	218	28	1
856	114	878	114	28	2
2515596896_1fd6978f82_2252_18597660@N04.jpg
288	322	308	322	28	2
228	516	250	516	16	1
348	532	370	532	28	1
390	334	410	334	28	2
506	346	524	344	28	2
90	324	110	326	51	2
174	378	192	378	51	1
2515596954_1d6df4e833_3085_18597660@N04.jpg
290	112	308	114	28	2
414	122	430	122	51	2
654	136	670	134	28	2
356	164	374	162	16	1
548	180	566	180	28	1
458	184	476	184	51	1
539	133	559	131	28	2
2522446250_5d14125d8d_3013_23730431@N06.jpg
272	414	314	404	51	1
488	388	528	392	28	1
554	160	586	160	28	2
280	180	312	180	5	1
474	142	508	144	5	2
170	143	200	142	16	2
636	364	679	363	51	2
749	66	782	61	28	2
2525432373_2af10feb0a_3247_23806189@N00.jpg
79	56	96	57	16	2
430	50	446	47	51	2
184	70	200	70	28	1
348	67	364	67	28	1
287	138	302	138	16	2
185	196	200	196	10	2
262	71	276	72	51	1
2526011651_984fe47257_2053_29801636@N00.jpg
202	340	248	346	10	2
352	248	400	246	28	1
204	664	250	662	5	2
400	460	444	464	10	1
534	568	580	570	5	1
2526556769_81ba4ee30a_3116_46556310@N00.jpg
318	136	346	142	28	2
712	116	742	110	28	2
392	186	422	190	28	1
616	180	646	176	28	1
504	204	532	202	51	1
2527179637_86824d17c1_2209_66516113@N00.jpg
122	240	138	236	28	2
266	254	283	254	16	1
336	221	353	218	16	2
357	138	373	137	16	1
199	136	214	137	16	1
118	138	133	140	16	1
273	133	289	130	16	1
2527297860_eba34c693d_2171_46556310@N00.jpg
198	212	228	214	51	2
450	186	478	186	51	2
304	308	332	308	51	1
406	446	432	450	10	2
500	322	528	324	51	1
172	358	202	358	16	1
2528192696_29d785d9e5_2155_95169080@N00.jpg
768	318	788	314	28	1
628	292	646	290	28	1
556	302	572	304	28	1
468	248	488	250	28	1
416	292	434	292	28	1
692	288	710	288	28	1
568	419	589	417	28	1
2529284630_03ae1b6d7f_3162_51686676@N00.jpg
402	326	426	326	75	2
120	166	140	164	28	1
224	122	244	122	16	2
566	170	588	168	51	1
482	148	500	146	51	2
225	198	249	197	51	1
299	165	319	168	51	1
394	167	417	161	51	1
626	207	647	197	28	1
773	106	803	101	75	2
637	321	666	318	51	2
2534424561_e828840860_2281_37141994@N00.jpg
262	53	276	52	28	2
65	68	77	68	51	2
126	158	138	161	28	1
213	112	225	112	28	1
165	168	177	167	10	2
99	197	110	197	10	2
20	83	31	82	1	2
2535483769_be868f0fda_3106_14835337@N08.jpg
462	406	498	408	28	1
460	168	492	162	28	2
296	272	328	270	28	1
802	282	832	280	16	2
648	226	680	224	51	1
506	582	534	588	1	2
159	199	191	197	51	2
2538058354_fa304d2316_2229_26256523@N06.jpg
666	222	698	210	28	2
410	364	442	362	51	2
240	336	274	334	28	1
492	150	524	142	28	2
762	304	796	296	28	1
342	224	374	226	28	2
580	450	610	452	5	1
2539858224_4158018254_2220_7914635@N03.jpg
444	218	472	216	28	2
250	206	278	206	51	2
546	256	570	264	51	1
712	236	736	234	28	1
732	130	760	130	28	2
316	292	342	296	51	1
618	300	638	300	1	1
2539968479_34e984577c_2399_96695539@N00.jpg
492	264	526	268	51	2
106	560	136	560	51	2
212	458	238	458	16	2
346	368	364	364	28	1
306	694	328	694	5	2
114	396	136	402	16	2
198	622	222	626	5	2
2546174809_ba767aeaf7_3096_31175356@N00.jpg
298	56	328	56	28	2
222	186	244	188	5	2
498	58	526	54	28	1
646	154	670	154	5	2
424	226	446	228	5	2
2551262125_1d50414658_3172_44015649@N00.jpg
406	402	446	398	16	1
58	258	98	254	16	1
526	156	562	156	51	1
318	124	350	122	51	2
600	226	640	226	28	2
268	314	304	310	16	1
2552068658_6066d4d9df_3142_44015649@N00.jpg
92	98	128	96	16	2
722	108	758	106	51	2
896	118	936	116	16	1
558	152	592	152	16	1
260	158	292	158	16	1
405	162	437	154	51	1
2552084538_491bbbf386_3039_44015649@N00.jpg
132	312	160	310	16	2
460	346	490	342	16	1
658	380	684	378	16	1
296	384	322	386	28	1
382	74	404	74	51	1
212	42	237	43	75	2
2553414316_d9c8fb6b15_3139_8159845@N06.jpg
175	198	205	209	51	2
259	107	281	102	16	2
276	202	302	196	51	1
81	173	108	172	16	1
256	265	280	259	5	1
400	166	422	169	16	1
121	114	146	103	16	1
2557161991_9bfdaaf3a2_3046_37982855@N00.jpg
448	124	480	126	28	2
282	164	314	164	51	1
190	366	220	358	5	2
396	340	426	340	10	2
350	246	378	244	10	1
2560412718_a861e59777_3047_14289230@N03.jpg
170	214	204	218	51	1
278	170	310	172	51	2
832	140	862	138	51	2
520	214	550	216	51	1
180	346	210	346	1	2
322	238	344	236	1	1
624	189	655	195	51	2
735	187	768	188	28	1
2565340287_579f69e830_3192_85666156@N00.jpg
387	104	406	102	51	2
75	156	94	155	28	1
289	162	306	164	16	1
336	156	353	157	28	1
229	120	244	122	51	2
137	122	153	123	51	1
2565794439_f6335d85b3_3110_96108145@N00.jpg
404	288	446	298	51	1
84	280	128	282	51	1
252	274	292	278	51	2
912	218	948	210	51	2
622	278	660	280	28	2
768	282	808	284	51	1
558	320	592	318	5	2
2565940623_45b6d207ac_3078_8371417@N06.jpg
266	266	308	262	28	2
694	298	738	300	28	1
556	386	598	388	5	1
214	530	258	530	5	2
586	146	622	146	10	2
2566537326_d8d0a3f339_3060_93335293@N00.jpg
728	338	754	334	51	1
292	212	314	210	28	2
500	338	522	338	51	1
706	162	728	158	51	2
620	334	640	336	51	1
394	332	414	332	51	1
2569786770_b7996b0d5b_3092_7536961@N03.jpg
55	122	68	124	51	2
353	130	366	130	51	1
236	190	249	189	10	2
123	147	135	148	51	1
310	244	321	244	5	1
280	147	292	147	75	1
421	133	433	132	51	2
180	126	193	122	75	2
2571807981_9cb3a36fc9_3159_22468645@N02.jpg
412	106	444	96	16	1
146	108	176	112	16	1
290	104	324	104	51	1
296	320	326	322	10	1
136	314	168	318	10	1
2572081463_d80ccfc27c_3272_8452970@N06.jpg
312	256	345	254	51	1
109	237	139	235	51	2
376	89	402	84	28	2
84	92	111	92	28	1
227	64	250	63	28	2
252	156	275	153	16	1
193	165	218	166	16	1
2572081609_06b69e70a7_3148_8452970@N06.jpg
105	203	133	205	51	2
283	221	311	219	51	1
374	79	395	76	28	2
246	51	265	53	28	2
121	84	143	85	28	1
304	132	324	129	16	1
187	147	208	150	16	1
2574052062_faa81d7be9_3031_22468645@N02.jpg
60	354	98	350	16	1
604	344	640	348	16	1
178	354	212	356	10	1
484	376	520	368	10	1
310	312	346	312	51	1
2575680661_3b2beedd9b_3109_37996588867@N01.jpg
702	178	724	178	51	2
596	234	618	234	75	1
536	178	558	180	28	1
330	166	350	168	28	2
444	166	464	166	75	2
2576871842_dac9607eec_2417_8816500@N03.jpg
234	410	282	412	16	2
806	318	850	316	16	1
496	160	534	154	28	2
632	264	674	262	16	2
304	240	340	236	16	1
227	251	194	242	16	1
2577283690_445ba97b3d_2372_12566099@N07.jpg
426	334	454	334	75	1
586	348	614	344	51	1
638	92	662	88	51	2
698	146	724	148	51	1
278	372	304	370	51	1
440	446	464	446	5	1
410	206	432	204	75	1
314	265	339	271	5	2
488	121	513	126	75	2
666	359	690	348	5	1
2584354198_f8cced352d_3084_44759627@N00.jpg
173	70	193	70	51	2
72	91	89	89	28	2
186	310	207	307	5	1
234	186	255	182	28	1
59	224	79	221	10	2
244	294	258	293	1	2
2585514259_af25112825_3020_99209340@N00.jpg
72	64	86	62	28	2
22	102	37	100	28	1
251	76	266	75	28	1
335	101	350	102	51	1
153	57	166	55	51	2
430	127	447	128	75	1
2588127197_46d3f40a63_3257_23758508@N00.jpg
155	94	167	94	28	2
97	66	110	66	28	2
198	98	210	100	28	1
352	80	364	79	28	2
181	71	193	70	51	2
280	96	292	95	51	1
421	117	431	120	28	1
449	130	459	131	1	1
2588513673_5116b777d9_3012_27746935@N05.jpg
446	284	470	282	28	2
156	484	182	488	51	2
310	130	334	130	28	2
116	288	140	288	28	1
386	554	408	552	51	1
625	296	651	291	28	2
2588515453_33aac415ea_3065_27746935@N05.jpg
526	368	554	368	16	2
328	126	352	124	51	2
690	194	714	188	28	2
564	164	588	166	28	2
2588961096_7c43dfdfb4_3006_23758508@N00.jpg
128	118	141	117	28	2
80	88	94	88	28	2
345	100	358	99	28	2
168	81	181	82	51	2
274	119	286	117	51	1
186	124	200	122	28	1
444	150	453	149	1	1
413	139	425	143	28	1
2590052935_68fceb7e92_3267_51956952@N00.jpg
182	130	210	132	51	2
244	344	270	346	51	1
464	330	496	324	51	2
492	138	518	138	28	1
374	168	398	166	51	1
270	248	288	248	1	2
2593306013_b9a4e4f343_3027_47664628@N00.jpg
152	182	194	190	28	2
778	242	814	242	28	2
644	280	680	282	28	1
440	330	476	336	28	1
296	290	330	292	51	1
894	368	920	366	1	2
2595817693_b544a6a7c2_3168_92283658@N00.jpg
746	166	784	156	51	2
586	264	618	262	28	1
476	254	504	250	51	1
276	266	304	272	28	1
366	242	394	244	28	1
2599582302_ce6c51800d_3105_55532309@N00.jpg
382	222	422	232	51	1
748	232	790	222	16	1
864	276	904	278	5	2
156	310	196	306	10	1
616	208	654	212	16	1
2601548984_0f06fe06c5_3236_26490663@N02.jpg
448	270	472	272	51	2
300	278	326	278	16	2
576	348	600	350	51	1
704	342	728	342	16	2
356	424	380	420	10	1
2602156003_43265517d9_3027_34936802@N00.jpg
776	310	826	314	51	2
540	422	592	422	10	2
360	494	408	500	5	2
148	184	194	180	10	2
658	124	702	116	51	1
458	166	502	162	10	2
2606913319_77f9a1c6c3_3133_27958825@N07.jpg
706	390	752	384	51	1
408	116	452	110	51	2
452	444	498	444	75	1
728	86	766	84	28	2
202	426	242	424	75	1
2617196004_48538d67b4_3007_26191205@N07.jpg
642	152	684	148	51	2
724	520	762	518	5	2
306	396	342	394	10	1
500	250	538	248	16	1
324	186	362	182	51	1
2620054991_2fa9f0bc95_3291_27543429@N02.jpg
598	494	628	496	28	2
372	486	400	488	28	2
670	392	694	392	28	1
366	348	390	350	51	1
510	316	534	316	28	1
2630698707_fea934dfe2_3133_13271166@N06.jpg
510	370	542	372	28	2
164	382	196	394	28	2
700	358	732	352	51	1
836	142	866	130	51	2
298	382	332	382	28	1
44	492	74	488	5	2
2631230913_782c952317_3173_23827542@N05.jpg
444	314	472	318	51	2
244	288	272	294	16	1
796	288	824	286	16	2
704	84	730	82	28	2
540	128	564	130	51	1
308	116	332	116	28	1
2633559046_07ed47341d_3262_9150869@N08.jpg
262	342	294	344	51	1
708	340	742	340	51	2
182	122	218	124	28	2
860	308	892	308	10	2
474	382	506	380	51	1
602	224	630	226	16	1
350	232	382	232	16	1
2634718123_9704bff447_3271_7305227@N03.jpg
292	105	306	105	28	1
99	312	113	311	28	1
203	266	216	266	28	2
253	78	265	75	28	2
145	102	156	102	75	2
82	178	95	179	51	1
249	325	258	327	1	2
2636848951_5b782c8e7a_3267_8484411@N03.jpg
378	302	410	304	28	2
710	324	746	326	28	1
166	424	192	424	5	2
568	414	592	412	1	1
872	404	896	404	5	2
2640242901_e2baaa56a0_3085_85467233@N00.jpg
82	162	96	161	51	1
333	156	345	155	51	2
207	154	219	153	51	2
269	191	282	193	10	2
133	183	145	183	16	1
2640431964_78bc6697d1_3098_55532309@N00.jpg
316	116	348	116	51	2
672	200	700	202	28	1
574	142	602	146	16	1
374	354	398	354	5	2
472	140	498	142	16	1
508	547	531	546	1	2
555	324	578	321	10	1
2641725360_23839f2090_3180_86662310@N00.jpg
136	91	149	94	28	2
343	109	357	107	51	2
186	88	199	89	28	1
281	105	291	101	28	1
227	102	240	100	28	1
2644626856_1b8732b23d_3001_79926317@N00.jpg
194	132	234	126	51	2
458	170	490	178	16	2
382	306	414	304	10	1
564	188	594	184	51	1
676	162	704	152	16	2
610	486	638	486	5	1
2645576037_1519730ede_3041_72619194@N00.jpg
339	73	363	69	28	2
232	221	255	221	10	1
146	78	167	80	51	1
236	70	257	70	28	1
245	135	259	134	1	2
2645797279_6b71e8dbc1_3022_32113691@N00.jpg
228	332	252	330	28	2
88	172	108	172	51	2
928	216	950	214	51	2
656	350	678	352	51	1
412	346	436	344	28	1
812	354	836	354	51	1
353529636_2e7b6e89d4_128_51541556@N00.jpg
556	402	590	402	51	1
306	386	340	386	51	2
340	174	370	178	28	2
580	196	612	196	28	2
432	248	462	246	28	1
168	174	194	176	28	2
353587171_ceaa4da5b5_134_42835705@N00.jpg
392	151	421	156	16	1
284	176	312	178	51	1
41	91	65	93	28	2
208	183	229	185	51	1
122	175	143	175	51	1
353748960_fb67d08bd5_141_14665421@N00.jpg
700	352	724	342	28	2
244	358	270	358	51	2
486	374	508	376	28	2
612	386	632	382	28	1
356	392	380	394	75	1
353750028_a569b8bd1b_125_14665421@N00.jpg
492	518	522	516	51	2
256	378	278	378	51	2
160	318	180	324	75	1
110	206	132	208	51	2
382	472	404	470	28	1
353949814_979c2daa90_144_46032860@N00.jpg
474	236	516	232	51	2
728	226	770	226	28	2
602	348	642	350	51	1
220	236	262	234	28	2
338	336	380	330	28	1
752	378	792	388	28	1
354038419_dd7e6a8ac4_69_83791607@N00.jpg
283	119	302	114	51	2
359	146	378	146	10	2
209	131	227	132	51	1
264	224	280	223	5	2
108	99	123	101	10	1
144	262	156	256	1	1
354272958_8365a94317_123_44124463436@N01.jpg
190	170	203	173	16	1
229	128	243	128	28	1
324	101	336	101	28	2
175	117	189	116	28	2
294	127	307	127	28	1
354338552_bf301ae6ea_154_43586214@N00.jpg
425	238	447	238	5	2
249	221	269	218	10	1
87	280	109	279	5	2
288	97	305	95	28	2
384	68	401	67	28	1
354953309_5f839bacae_150_64614831@N00.jpg
140	108	153	109	51	2
230	132	242	134	51	1
276	154	288	153	16	1
192	194	204	196	10	1
136	232	148	233	5	2
355391072_372c8df70a_166_47997659@N00.jpg
744	154	780	150	51	2
304	194	336	194	28	1
630	220	660	220	1	2
182	276	212	274	5	1
374	368	404	370	1	2
524	152	552	154	5	2
355391805_21fee9a2b5_139_47997659@N00.jpg
720	172	758	168	51	2
196	224	230	216	28	1
592	256	622	254	1	2
832	270	862	272	1	2
414	180	444	176	5	2
294	312	324	308	5	1
355392678_4f7b7aea83_139_47997659@N00.jpg
368	320	420	314	51	2
258	172	304	170	28	1
490	530	534	528	1	2
232	640	276	638	5	1
592	264	634	268	5	2
160	502	200	504	1	2
355564140_744fe8f7d2_139_76168536@N00.jpg
403	147	417	146	28	1
225	80	238	79	28	1
342	81	353	79	28	2
272	92	284	90	28	1
147	96	159	96	28	1
319	151	332	151	28	1
135	152	146	153	28	1
184	138	196	137	28	1
356010205_e25cea81a7_144_76187914@N00.jpg
350	132	408	130	28	2
642	208	700	206	28	1
244	494	296	488	5	1
746	552	792	554	1	2
508	522	548	524	1	1
356608976_45a07101a5_131_72166579@N00.jpg
346	296	368	300	51	2
432	132	454	134	28	2
462	310	486	312	51	1
562	150	584	144	28	2
632	360	654	360	16	2
356609511_e51f30b11f_150_72166579@N00.jpg
299	52	314	51	51	2
400	59	415	58	28	2
90	72	104	72	16	2
231	64	244	64	16	2
158	107	171	106	51	1
356610468_f7d6cbce0c_158_72166579@N00.jpg
472	454	508	452	51	2
234	326	268	330	16	2
336	124	368	128	28	2
676	106	708	106	28	2
492	180	526	178	51	1
357109151_15eec1ab74_133_48163241@N00.jpg
208	171	222	169	51	2
327	138	339	138	28	2
380	155	393	152	28	1
292	183	305	186	51	1
228	139	239	139	28	2
358376632_f52eba634c_160_29355393@N00.jpg
234	123	248	120	51	2
71	140	86	140	28	1
174	155	188	154	51	1
338	131	350	130	28	2
398	153	410	151	28	1
359303718_3a856cf745_149_83474035@N00.jpg
644	180	680	174	51	1
300	150	334	154	28	1
406	192	440	184	51	1
456	640	496	644	10	1
392	652	424	654	10	1
569	137	603	126	51	2
360187366_5c804586da_131_61623139@N00.jpg
196	348	222	350	51	2
324	164	346	168	28	2
334	376	360	376	51	1
852	212	874	212	51	2
638	364	660	364	51	1
862	356	888	352	51	1
432	206	452	210	28	1
588	173	608	173	51	2
709	147	731	147	51	2
360192629_e41c326877_153_61623139@N00.jpg
392	336	420	338	28	2
844	334	868	328	51	2
516	370	540	372	51	2
620	372	642	374	51	1
256	402	280	402	51	1
684	242	706	242	51	2
151	352	173	359	51	2
759	353	784	355	28	1
360289549_4de09ee86b_143_54026226@N00.jpg
426	77	441	74	28	2
42	98	55	100	16	2
294	96	308	98	28	2
129	88	142	90	16	2
216	101	231	101	28	2
367	106	381	105	28	1
360329738_c3b6f9541f_159_93246164@N00.jpg
153	91	172	92	28	2
276	89	289	89	51	2
217	90	234	89	51	2
227	154	240	153	1	2
310	119	326	122	51	1
361320048_232e53d80c_152_91915217@N00.jpg
444	552	496	556	75	1
750	426	798	428	16	2
552	188	594	188	51	1
162	216	206	218	16	1
758	244	798	234	51	1
363828399_464a04a9a3_157_29609901@N00.jpg
536	322	568	320	51	1
368	298	394	294	51	2
274	146	300	148	75	2
558	162	582	160	51	1
418	170	438	176	75	1
686	134	710	134	51	1
594	492	616	490	1	2
365767305_b33381b4bd_110_61311655@N00.jpg
98	196	128	196	51	2
274	254	300	246	51	1
468	162	498	158	51	2
910	216	940	212	51	2
748	208	778	208	51	1
608	194	634	194	51	1
365767592_612e10e6c0_147_61311655@N00.jpg
704	150	736	148	51	2
338	98	372	92	51	2
164	210	196	208	51	1
868	206	898	208	51	1
516	126	548	128	51	1
365767921_13915d1f7a_143_61311655@N00.jpg
286	156	314	156	28	2
120	184	150	188	51	2
468	142	498	138	51	2
920	178	950	178	51	1
620	160	648	162	51	1
750	232	778	228	28	1
366745624_8b5247793d_100_42405822@N00.jpg
357	124	371	122	28	1
327	186	341	188	75	1
182	190	197	189	28	1
233	205	247	204	75	1
116	186	132	184	51	1
294	112	308	111	28	1
187	70	200	73	28	2
369658755_98899d6330_126_70921839@N00.jpg
148	92	161	93	75	2
340	75	353	75	51	2
179	59	190	60	51	1
148	46	159	45	51	2
375	55	386	54	28	1
282	79	293	77	28	1
229	56	241	56	16	2
221	107	235	110	75	1
304	185	316	188	5	2
369665274_c625587628_185_91012943@N00.jpg
282	136	295	136	75	1
201	99	215	99	28	2
397	134	409	134	28	1
63	140	77	141	28	1
134	173	146	171	16	1
351	235	363	232	10	2
369826473_783d8e401f_184_89773356@N00.jpg
234	322	266	322	51	2
516	580	548	582	51	1
498	188	524	186	28	2
222	210	246	214	51	1
348	202	372	204	28	2
370427539_f12e457bd2_132_93463187@N00.jpg
234	192	274	188	51	2
692	142	728	144	51	2
774	284	810	276	51	1
384	272	418	268	28	1
616	294	648	294	16	1
500	204	534	204	28	1
370516173_635fa882a4_180_39716973@N00.jpg
371	61	391	64	51	1
254	119	273	117	51	1
199	77	214	72	28	1
119	169	136	171	10	2
180	169	195	165	10	1
111	59	127	58	51	2
371279837_a377fb4885_150_50449658@N00.jpg
248	286	276	290	28	1
444	318	470	326	28	1
574	420	602	420	51	1
756	456	782	454	28	1
526	180	548	180	28	2
445	211	473	219	28	2
621	220	650	221	51	2
659	513	693	513	28	1
373664115_6335343a77_131_24554152@N00.jpg
244	91	256	90	28	1
60	98	73	98	75	1
412	55	423	54	51	1
328	89	340	88	28	1
178	142	189	142	5	2
331	176	341	176	5	1
374601821_52257385cb_128_14809458@N00.jpg
264	179	289	180	51	1
121	159	145	157	51	2
157	230	181	235	5	2
215	158	234	158	10	2
64	228	80	226	5	1
179	96	196	98	28	1
325	62	342	51	28	1
375347182_1670984ef7_146_44892158@N00.jpg
366	147	391	146	5	2
286	284	309	283	5	1
296	188	313	189	5	2
240	228	259	228	5	1
198	96	215	97	51	1
267	116	280	114	1	1
118	85	136	88	75	1
296	107	311	102	16	1
375685270_7994e13e1a_123_91167076@N00.jpg
580	184	608	188	28	1
544	66	572	66	51	2
330	186	356	186	28	1
424	364	448	366	5	1
426	148	450	146	75	1
375685494_cfaf911d1f_183_91167076@N00.jpg
742	222	768	218	51	2
306	208	332	204	28	1
220	212	244	212	28	2
622	160	646	160	28	1
408	172	430	172	75	1
524	292	546	292	5	1
522	188	544	186	28	1
375686020_cad253382d_180_91167076@N00.jpg
768	212	798	210	51	2
308	218	336	216	28	1
620	216	648	218	28	1
508	310	534	310	5	1
434	178	456	176	51	1
379410143_e245396f1a_123_96522829@N00.jpg
524	388	556	386	28	1
712	206	738	212	28	1
634	228	658	230	28	1
272	242	296	242	28	1
372	230	396	232	28	1
512	236	538	236	28	1
380221743_bbd2dfad87_123_30191283@N00.jpg
221	113	233	112	28	2
245	154	257	154	28	1
324	215	335	215	5	2
200	209	211	208	5	1
157	202	168	200	5	1
380545278_78500df4a7_133_36361430@N00.jpg
380	144	415	152	28	1
209	148	238	142	28	1
72	177	107	173	28	1
276	85	306	80	28	1
148	40	177	47	28	1
381215741_265e79e07e_136_44124356900@N01.jpg
818	284	866	298	28	1
178	284	218	288	51	1
344	320	380	308	51	1
480	128	510	130	28	1
552	212	578	210	1	2
356	106	384	104	28	2
632	152	664	154	51	1
558	431	582	418	1	1
774	144	804	121	51	2
381694461_e0a0f86f0f_130_10555654@N00.jpg
290	179	308	174	51	2
148	195	165	197	51	1
284	35	300	34	51	2
218	47	233	50	16	2
347	85	361	82	16	1
132	84	146	84	51	1
241	240	256	239	5	1
381694526_1ebad22e78_135_10555654@N00.jpg
274	162	295	156	51	2
129	176	148	179	51	1
234	221	250	227	5	1
159	64	177	66	16	2
215	40	231	41	51	2
351	110	368	109	10	2
275	60	291	58	51	1
381694612_c578903323_144_10555654@N00.jpg
254	175	277	175	75	2
208	47	227	49	28	2
287	69	306	67	28	1
145	79	166	82	16	2
89	207	111	204	16	2
414	212	432	211	10	1
382722333_70026d4a90_137_31375891@N00.jpg
692	352	768	364	28	2
246	420	302	420	28	2
686	184	732	172	28	1
456	224	504	210	51	1
290	184	328	196	28	1
382833299_dc2e5f32e5_143_27563949@N00.jpg
320	320	388	320	28	2
638	374	700	376	51	1
82	506	136	504	1	2
566	182	618	182	10	1
738	610	794	602	1	2
830	190	880	186	10	1
196	200	238	194	5	1
385220461_04d5f201da_127_49804689@N00.jpg
92	132	105	133	28	2
165	141	177	140	51	2
277	139	288	139	28	1
218	141	229	141	51	1
322	130	332	129	28	2
387811454_6bcb9f7234_174_29406529@N00.jpg
367	109	381	110	51	2
296	115	309	115	51	2
92	117	104	118	51	2
228	134	239	135	51	1
171	146	183	145	51	1
388146511_128e184e81_180_42986972@N00.jpg
174	171	186	171	16	1
88	159	103	159	51	1
398	185	412	181	10	1
323	222	338	218	5	2
308	151	321	153	51	1
261	177	273	182	16	1
392124716_ddadee8156_57_65369912@N00.jpg
176	92	200	92	51	2
840	76	862	76	28	2
584	68	606	66	28	2
710	90	730	90	51	1
290	118	310	118	51	1
412	100	430	100	28	1
494	90	514	90	28	1
392128614_05a5a9cf23_128_65369912@N00.jpg
474	120	508	126	28	2
678	84	714	82	28	2
286	96	318	104	28	1
584	144	618	142	28	1
362	128	390	130	28	1
392657113_9868d12b06_155_15979795@N00.jpg
398	472	438	470	51	1
556	414	594	416	51	2
112	172	148	172	28	2
242	220	280	218	28	1
562	184	596	182	28	2
430	286	460	288	28	1
393219884_c05f46d9f6_138_67478007@N00.jpg
472	332	492	334	51	2
616	366	638	366	51	1
384	388	404	386	16	1
396	300	414	298	16	1
544	310	564	310	16	2
306	314	324	312	16	2
667	295	683	283	16	2
393832525_7ad8244f82_125_17609458@N00.jpg
512	416	556	414	75	2
134	130	168	132	28	2
486	110	524	106	28	2
272	192	308	192	28	1
224	556	258	558	5	1
395630039_dfee95492a_180_87734610@N00.jpg
206	368	230	376	28	2
256	386	284	382	28	1
812	336	836	332	28	2
502	354	526	354	51	2
398	362	424	360	51	1
610	360	634	358	28	1
726	358	748	358	28	1
397319126_23db11503c_130_46996195@N00.jpg
300	332	324	332	75	2
198	358	220	358	75	1
576	288	598	288	51	2
74	300	98	298	51	2
224	300	246	302	28	1
470	328	492	324	51	1
372	316	392	318	51	1
397854668_a997371603_128_52358930@N00.jpg
269	190	300	182	28	2
103	149	127	142	16	1
210	187	235	190	16	1
250	86	274	83	28	2
398308320_0301b4972c_105_36471314@N00.jpg
372	148	410	150	51	2
270	368	310	366	16	2
384	560	426	552	5	2
468	326	508	328	16	1
158	308	196	310	51	1
399051859_6a094eb7d7_137_45553690@N00.jpg
468	410	520	400	16	1
538	116	584	112	51	2
246	158	284	144	16	2
332	268	382	264	51	1
650	214	692	194	16	1
399512131_45123ed05d_126_48889086376@N01.jpg
88	88	108	91	51	2
289	201	310	201	16	1
151	327	172	328	10	2
208	280	226	280	75	1
253	165	269	169	75	1
136	194	156	195	16	1
399512366_d697a940d7_135_48889086376@N01.jpg
29	176	49	173	51	1
321	135	339	134	28	2
171	157	186	163	28	2
236	164	252	165	75	2
213	274	230	273	75	1
128	197	148	197	16	1
399533261_a37fffbd13_158_48889086376@N01.jpg
139	131	156	132	51	2
239	165	253	164	75	2
72	103	86	104	16	1
359	160	373	160	5	2
305	141	319	141	75	1
379	108	394	105	16	1
399991705_c61e5944d3_153_72128396@N00.jpg
672	424	714	422	75	1
486	408	522	412	5	2
322	132	358	134	28	2
490	206	528	206	28	1
678	226	710	226	16	1
400252213_e6f4d25ee3_141_25496073@N00.jpg
266	95	279	95	28	2
411	94	425	90	16	2
67	47	80	48	28	2
322	104	335	104	28	1
167	42	179	43	28	2
400964324_4250414296_170_76848210@N00.jpg
352	51	362	50	51	2
141	106	151	107	28	2
212	64	221	62	28	1
304	59	314	59	51	1
276	75	285	75	16	1
402421599_b873e4988d_149_31105447@N00.jpg
264	226	324	226	51	2
502	580	554	578	5	2
120	476	176	476	5	1
470	196	520	188	28	1
580	410	628	408	5	1
404582833_b0a586db36_135_63284491@N00.jpg
206	250	252	254	28	2
508	306	550	306	28	2
424	136	464	134	51	2
808	264	848	262	51	1
568	490	602	494	1	2
670	196	706	198	51	1
404584620_b11925b3a2_175_63284491@N00.jpg
242	376	286	374	51	2
382	472	426	474	51	1
576	130	612	126	28	2
390	130	422	130	28	2
126	142	160	142	28	1
434	710	468	710	1	2
404753811_05dd4c5c9f_142_15793892@N00.jpg
540	122	560	120	51	1
646	114	666	112	51	1
338	62	358	62	75	2
406	124	426	122	75	1
600	106	620	104	51	2
405232265_78eaf5668c_128_39272845@N00.jpg
92	124	108	121	51	2
409	101	423	100	51	2
312	131	326	133	51	1
199	139	213	138	51	1
278	209	290	207	5	2
128	189	142	187	5	1
406579408_8c832bd81f_157_7130109@N07.jpg
213	40	231	41	75	2
267	127	285	124	75	1
344	138	361	135	10	2
124	141	140	141	10	2
262	191	275	190	1	1
406579663_51dffdacca_151_7130109@N07.jpg
287	31	300	28	75	2
232	91	245	89	75	1
193	105	205	105	10	2
148	84	158	84	10	2
76	38	89	37	28	1
409045819_0328b31cde_188_63562488@N00.jpg
131	52	143	54	51	2
370	48	381	46	28	2
261	87	272	87	51	1
200	85	211	85	28	1
310	88	321	86	28	1
416214414_864a697a74_187_7273382@N02.jpg
253	133	272	132	51	2
115	116	135	116	28	2
388	94	409	91	16	2
176	81	192	80	28	2
303	80	322	78	16	2
418641337_b5382df300_129_26455809@N00.jpg
132	68	165	68	51	2
54	268	89	262	28	1
269	175	302	179	16	1
135	324	166	322	10	2
271	310	299	310	10	2
420071339_d24d1c66d9_151_23268699@N00.jpg
407	81	422	80	28	2
278	72	293	71	28	2
67	69	81	71	28	1
150	72	165	71	51	2
226	79	239	78	51	2
342	44	355	43	28	2
422540750_cdc8058415_168_13165734@N00.jpg
330	171	354	172	51	2
190	186	210	189	51	1
277	46	296	46	28	2
86	76	105	77	28	1
178	78	195	78	28	1
383	95	400	96	51	1
423036804_10eed34ca0_158_64155482@N00.jpg
180	268	248	266	51	2
340	336	394	344	5	1
536	328	592	330	51	1
690	376	742	374	5	2
578	156	632	144	10	1
424759237_3171268f46_157_77289647@N00.jpg
399	142	419	138	28	2
281	102	301	103	28	1
194	174	212	179	28	1
194	30	211	27	51	1
330	158	351	158	16	1
425394688_267f3b5080_174_7315905@N06.jpg
340	286	368	286	51	1
614	312	642	312	51	1
590	102	612	100	51	2
340	94	366	96	28	2
778	372	800	370	5	2
218	396	244	398	5	1
468	146	490	146	28	1
609	453	625	442	1	2
428883473_8bed733a4b_185_53029186@N00.jpg
694	440	722	444	28	2
526	468	552	468	75	1
896	236	922	234	28	2
292	216	314	216	28	2
192	224	214	226	28	1
614	308	638	306	75	1
463	240	487	240	51	2
726	256	753	255	75	2
430701869_37d0ad38dd_178_7442789@N06.jpg
140	286	200	290	51	2
682	308	734	314	51	1
544	376	590	378	5	2
874	294	924	282	10	1
284	150	328	150	5	1
550	180	592	174	5	1
434253544_93c6f57695_171_94264292@N00.jpg
752	142	778	140	51	1
336	304	360	302	28	1
620	118	642	116	28	2
436	186	458	184	51	2
246	94	264	96	28	2
532	82	548	80	28	1
434331917_0725a3113f_172_50012910@N00.jpg
692	284	718	282	28	2
730	434	758	426	28	1
580	216	604	218	51	2
436	310	464	310	51	1
214	278	238	272	75	1
286	446	312	442	10	2
346	166	370	166	51	2
435764211_0d6f74a63f_159_24286156@N00.jpg
92	49	107	50	28	2
175	106	188	109	28	1
343	136	358	136	51	1
255	85	270	86	51	2
396	109	411	107	51	1
236	163	249	162	5	2
436120440_0354c3b47c_173_7492050@N03.jpg
160	133	180	135	28	1
302	104	319	105	28	2
80	146	99	144	28	1
390	143	407	142	51	1
203	63	218	64	16	2
236	198	250	198	5	2
438748711_0ae424a81e_177_94978975@N00.jpg
352	100	374	102	28	1
452	82	474	86	16	1
770	70	790	72	16	1
660	86	680	86	16	1
250	96	272	96	16	1
569	85	591	82	28	1
438748749_be8675fc4d_177_94978975@N00.jpg
332	124	358	114	51	2
138	412	166	410	10	2
114	202	140	200	16	1
278	246	310	244	10	1
188	136	212	134	51	1
421	163	452	147	28	1
420	449	450	446	10	2
440720149_87682213ac_187_7608653@N06.jpg
152	58	174	65	28	2
275	87	293	94	28	1
240	230	259	235	75	2
327	83	346	78	28	2
179	113	198	116	28	1
274	322	289	322	1	1
442807940_48889a6660_186_7590128@N04.jpg
187	111	202	110	5	1
366	97	381	99	5	2
157	107	170	109	5	1
265	75	280	74	10	1
91	104	106	106	5	2
247	124	261	123	1	1
444160509_f632dfb3e5_190_20697060@N00.jpg
272	144	290	144	75	1
642	142	660	140	51	1
452	124	470	122	51	1
356	72	376	72	28	2
502	236	518	234	10	2
584	100	602	100	28	2
386	350	402	350	5	1
254	322	270	321	5	2
744	110	765	103	51	2
448088412_9f273d22a6_222_47255063@N00.jpg
277	108	292	105	51	1
100	49	117	51	28	2
385	57	400	56	28	2
184	165	200	165	28	1
302	182	317	179	28	1
205	76	220	76	51	2
451960997_daa7c63176_251_43972113@N00.jpg
376	166	402	170	10	1
142	120	168	121	51	1
78	180	104	181	5	1
189	220	214	218	5	2
311	75	333	76	51	2
455232504_8c8ca30341_196_97667944@N00.jpg
468	256	520	254	75	2
750	340	804	340	51	1
164	334	214	324	51	1
546	142	588	126	51	1
282	156	328	148	51	1
455483843_feec99926b_209_36806234@N00.jpg
370	382	398	380	16	2
612	242	638	238	75	2
498	394	524	392	51	1
468	244	490	240	51	2
264	292	288	292	51	1
