1050073184_ad58a61f85_1357_71087757@N00.jpg
296	79	310	77	28	2
159	108	173	111	28	1
1074983920_a22919e402_1179_8011736@N02.jpg
153	191	172	194	28	1
211	183	229	183	28	2
1094260840_58007514f8_1291_94601392@N00.jpg
175	210	184	209	28	2
152	217	160	217	28	1
1094360086_0a78085686_1254_94601392@N00.jpg
145	125	205	126	28	2
211	157	258	153	28	1
1094936079_caa8c50fc1_1309_94601392@N00.jpg
178	180	211	172	28	2
121	188	152	194	28	1
1095792926_0206b3a8ef_1296_94601392@N00.jpg
290	142	338	136	28	2
195	144	236	159	28	1
1097515211_4bd08fb9d0_1157_72538756@N00.jpg
103	113	134	112	28	1
167	100	193	99	28	2
1127092517_2c2addeaaa_1003_38644528@N00.jpg
494	192	528	194	28	2
540	278	576	270	28	1
1127181197_be155e9437_1179_38644528@N00.jpg
426	298	558	278	51	1
216	300	348	314	28	1
1127256683_a943e8d5fc_1103_38644528@N00.jpg
154	176	226	182	28	2
470	318	540	316	51	2
1127284997_79da79b96b_1132_38644528@N00.jpg
242	284	340	258	28	1
422	174	514	156	51	1
1127312129_4c43b3362a_1116_38644528@N00.jpg
494	312	562	312	28	1
295	130	361	171	28	2
1127486831_ff81299fa1_1197_38644528@N00.jpg
706	212	744	208	28	2
262	320	286	316	28	1
1127588027_a1b43d85f4_1218_38644528@N00.jpg
688	180	752	168	28	1
434	182	494	182	28	1
242	195	305	208	28	1
1127615873_433e9385e6_1391_38644528@N00.jpg
674	162	692	162	28	2
458	216	480	214	28	1
1127644411_8fd9fa36c4_1395_38644528@N00.jpg
204	214	314	208	28	1
430	206	536	206	28	1
1127777339_67bb91ec45_1012_38644528@N00.jpg
276	514	368	534	28	1
500	432	594	446	28	1
379	190	456	207	28	2
1127802735_4d165c97bb_1010_38644528@N00.jpg
626	138	694	128	28	2
336	180	404	186	28	2
1127890685_a56a28d2a2_1011_38644528@N00.jpg
190	218	258	216	28	2
518	164	578	182	28	2
1127950580_a580900fa8_1211_38644528@N00.jpg
184	430	260	424	10	1
446	248	524	230	10	1
1128004409_c617da3028_1411_38644528@N00.jpg
182	616	278	590	28	1
428	584	534	588	28	1
1128068538_8806c03e53_1420_38644528@N00.jpg
276	292	348	284	51	1
592	244	652	238	51	2
1128166341_27db2bb06b_1122_38644528@N00.jpg
194	282	264	280	28	1
872	214	942	206	28	2
1128468570_e931deffb0_1401_38644528@N00.jpg
458	292	542	302	28	1
816	286	900	286	28	1
160	333	258	336	28	1
1128681278_eba360cc88_1260_38644528@N00.jpg
468	184	540	172	16	2
690	232	762	236	28	1
242	180	322	208	16	2
1128725166_411a7bccac_1105_38644528@N00.jpg
262	250	338	250	28	1
484	240	562	236	16	2
1128741984_62308da891_1157_38644528@N00.jpg
508	426	584	422	28	1
686	196	758	212	28	2
278	177	349	207	28	2
1128854438_019f5cf997_1006_38644528@N00.jpg
200	424	306	400	28	1
500	358	630	344	28	1
1143599047_5648d692a1_1030_65591595@N00.jpg
191	83	202	85	28	2
246	91	255	88	28	1
1144441544_a4ad2e4bb6_1120_65591595@N00.jpg
252	63	266	66	28	2
282	68	296	64	28	1
1157292645_32598bba3a_1073_83458989@N00.jpg
396	272	436	272	28	2
234	452	274	454	28	1
1157304377_3663688ad5_1315_83458989@N00.jpg
360	202	422	200	28	2
142	472	204	472	28	1
1158173622_1647c3f4fe_1033_83458989@N00.jpg
354	304	380	302	28	2
264	408	290	408	28	1
1158185692_6c70d4504f_1207_83458989@N00.jpg
416	206	476	208	28	2
164	472	224	470	28	1
1158785683_a1a95889d8_1168_7789037@N05.jpg
198	105	221	108	51	1
98	109	119	111	51	2
1158788993_d96a76c469_1092_7789037@N05.jpg
128	93	143	96	51	1
195	112	209	113	51	2
1159638668_5da9b1cf03_1268_7789037@N05.jpg
260	69	289	70	51	1
70	75	99	74	51	2
1159642280_3fecc0a814_1114_7789037@N05.jpg
109	131	132	135	51	1
204	106	227	107	51	2
1203929390_e340a97ee4_1312_7313510@N02.jpg
698	308	826	300	28	1
98	210	194	208	28	2
1228321755_2ca3e9168f_1280_60348867@N00.jpg
152	192	159	193	51	1
116	167	126	167	51	2
1278583273_fc5efaac17_1118_7999396@N08.jpg
498	82	534	76	51	2
436	152	470	142	28	1
1278597363_bcf04cd819_1284_7999396@N08.jpg
494	240	560	236	28	1
736	320	802	314	51	1
242	234	290	213	28	1
1278650293_4af7c3c070_1322_7999396@N08.jpg
328	286	356	288	28	2
224	294	254	298	28	1
1278657799_edd972c727_1008_7999396@N08.jpg
882	272	908	272	1	1
464	252	492	250	5	1
205	231	235	252	5	1
374	228	411	232	5	2
565	296	593	289	5	1
791	237	814	237	5	1
1278658875_29a008c854_1298_7999396@N08.jpg
372	322	446	330	5	1
788	184	844	200	1	1
572	182	628	213	5	2
1279467130_0e82ef8fd5_1251_7999396@N08.jpg
632	232	754	210	75	2
288	340	392	338	28	1
1279486584_068bdccd62_1181_7999396@N08.jpg
424	248	464	246	5	1
626	224	658	228	5	1
1279497518_82195a1670_1426_7999396@N08.jpg
302	316	326	316	28	1
164	506	182	506	5	1
464	530	485	533	5	1
1279522210_303ac26970_1081_7999396@N08.jpg
392	356	410	360	28	2
266	398	284	398	28	1
1288259775_5376fd2264_1258_11670405@N05.jpg
221	75	236	74	28	2
111	60	127	63	28	2
166	77	184	74	28	1
1288267923_66a9601dfc_1084_11670405@N05.jpg
166	102	179	98	28	2
127	115	139	111	28	1
1289107992_fc8de2829d_1397_11670405@N05.jpg
185	79	199	78	28	2
140	102	153	98	28	1
1289108476_d7e552b1b5_1319_11670405@N05.jpg
162	65	182	65	28	2
94	101	113	98	28	1
1289111008_04c9dcf57b_1084_11670405@N05.jpg
158	189	169	189	28	2
208	167	219	167	28	2
279	211	291	216	28	1
1289122122_30581e97f0_1364_11670405@N05.jpg
190	99	218	91	28	2
101	128	128	120	28	1
1304742381_b03181cf08_1036_98251542@N00.jpg
366	190	396	192	28	2
246	266	274	264	28	1
1304753879_95dc300fec_1316_98251542@N00.jpg
474	124	510	122	28	2
318	204	356	200	28	1
1304759711_633c464c2a_1390_98251542@N00.jpg
242	282	276	278	28	1
388	200	422	200	28	2
1304776283_35d8dc36b3_1126_98251542@N00.jpg
336	226	360	224	28	2
226	284	252	284	28	1
1304814793_e2311bb2f1_1325_98251542@N00.jpg
332	232	372	228	28	1
418	136	462	134	28	2
1305647342_f6563c3081_1111_98251542@N00.jpg
328	170	372	174	28	1
484	124	522	122	28	2
1305652296_5666794a01_1411_98251542@N00.jpg
418	176	462	172	28	2
248	262	294	260	28	1
1316873335_caac3fca1a_1384_12596481@N05.jpg
208	87	248	81	28	2
140	94	171	106	28	1
1317338731_c557a25116_1133_94984024@N00.jpg
216	348	274	348	51	1
408	336	464	338	16	2
1317364173_69f4b08e02_1355_94984024@N00.jpg
256	240	342	222	51	2
580	316	638	308	1	1
1318221532_5fa4ba0b71_1072_94984024@N00.jpg
440	258	486	254	28	2
130	462	184	460	28	1
1318232394_34b6b03411_1177_94984024@N00.jpg
546	198	572	200	10	1
174	198	194	196	5	2
1318247124_f50c5cd46f_1080_94984024@N00.jpg
354	186	410	176	51	1
536	364	584	372	10	1
1318254268_9f633bcc96_1299_94984024@N00.jpg
406	130	454	136	28	2
605	355	644	358	16	2
1326343641_2fa1cac13d_1023_11569029@N05.jpg
289	61	309	58	28	2
252	98	271	95	28	1
1326564169_e714d1b48b_1157_36251149@N00.jpg
153	80	164	79	51	2
346	90	356	91	51	2
1326564341_fc890947e5_1039_36251149@N00.jpg
95	132	106	131	51	2
257	151	268	152	51	2
1326564543_3d31d75ba3_1234_36251149@N00.jpg
90	115	100	114	51	2
260	150	270	151	51	2
1326564961_30232909f9_1355_36251149@N00.jpg
56	120	69	119	51	2
277	149	290	151	51	2
1326566249_436561ba67_1009_36251149@N00.jpg
208	112	218	110	28	2
133	134	144	135	28	1
1326566851_8680f771cf_1106_36251149@N00.jpg
145	101	156	102	28	1
231	93	240	93	28	2
1326567265_132ae3b6f3_1119_36251149@N00.jpg
215	101	225	101	28	2
131	112	143	113	28	1
1326571997_89a7e9d0c4_1372_36251149@N00.jpg
368	183	382	184	5	1
357	51	371	52	10	1
1326572577_9cc3b782bc_1387_36251149@N00.jpg
291	220	313	222	1	2
309	81	329	83	10	1
1326572751_017cd71b36_1341_36251149@N00.jpg
273	232	295	236	1	2
333	87	353	89	10	1
1326576171_23304dca6b_1028_36251149@N00.jpg
336	94	346	93	28	2
408	69	418	69	28	2
1326582181_f399ff4cd3_1280_36251149@N00.jpg
232	102	256	101	28	2
83	160	106	159	28	1
1326582993_1c5a06e780_1159_36251149@N00.jpg
251	104	275	103	28	2
105	160	127	159	28	1
1326583161_84c225f1b1_1164_36251149@N00.jpg
258	103	282	102	28	2
111	159	133	159	28	1
1326650515_cceec153fd_1173_36251149@N00.jpg
275	63	293	63	28	2
227	128	244	127	51	1
1326650759_2e950bb9c8_1079_36251149@N00.jpg
274	65	292	66	28	2
221	132	238	130	51	1
1326652847_550f9f82fe_1264_36251149@N00.jpg
177	35	192	36	28	2
146	94	160	95	51	1
1326653081_6883872373_1116_36251149@N00.jpg
169	35	183	36	28	2
136	94	151	95	51	1
1326653275_c0c4318464_1239_36251149@N00.jpg
172	43	187	43	28	2
142	102	156	103	51	1
1326653485_de021ea261_1434_36251149@N00.jpg
183	74	196	74	28	2
139	122	152	120	51	1
1326653713_f82b0a2552_1209_36251149@N00.jpg
185	69	197	69	28	2
142	118	154	116	51	1
1326653985_b7653e65a9_1399_36251149@N00.jpg
138	121	151	119	51	1
182	73	195	73	28	2
1326658089_f0b4fed1cb_1327_36251149@N00.jpg
348	69	377	72	51	2
200	152	224	153	28	1
1327460382_e5d0f0c87e_1050_36251149@N00.jpg
74	87	91	85	28	2
385	102	403	106	28	2
1327461346_391e70dbbc_1319_36251149@N00.jpg
215	105	225	103	28	2
141	125	151	125	28	1
1327461736_0ad13198c1_1231_36251149@N00.jpg
214	101	224	100	28	2
132	120	142	121	28	1
1327462760_a0e627d26f_1305_36251149@N00.jpg
220	95	231	94	28	2
136	108	148	109	28	1
1327463464_ace3da9960_1225_36251149@N00.jpg
336	109	359	107	28	2
183	137	203	138	28	1
1327463862_62f7ccb8a1_1432_36251149@N00.jpg
304	129	311	129	28	2
232	126	240	126	28	1
1327464072_9b52720700_1002_36251149@N00.jpg
304	121	312	121	28	2
229	127	237	127	28	1
1327464746_01d21327f7_1386_36251149@N00.jpg
378	86	396	87	28	2
203	130	221	129	28	1
1327465022_3fe6291cb4_1232_36251149@N00.jpg
366	103	385	104	28	2
189	142	207	142	28	1
1327468710_16ffa05057_1225_36251149@N00.jpg
302	95	331	96	51	2
153	102	182	103	28	1
1327471426_ee0169e020_1366_36251149@N00.jpg
401	61	412	61	28	2
329	87	339	86	28	2
1327476882_7689607494_1049_36251149@N00.jpg
343	91	373	90	28	2
150	159	178	158	28	1
1327477260_0742dff903_1024_36251149@N00.jpg
226	104	250	103	28	2
78	163	101	162	28	1
1327477406_837e893055_1240_36251149@N00.jpg
228	107	251	106	28	2
83	166	105	165	28	1
1327477556_81c560eab5_1264_36251149@N00.jpg
244	99	268	98	28	2
99	157	121	157	28	1
1327478250_467a44e8b5_1413_36251149@N00.jpg
247	116	259	115	28	2
166	144	178	143	28	1
1327478412_ac3ad8566f_1078_36251149@N00.jpg
247	112	260	111	28	2
166	140	179	139	28	1
1327555310_f4e23802fd_1116_36251149@N00.jpg
237	140	253	141	28	1
101	143	117	142	51	1
330	89	348	90	51	2
1327555500_93b38888c7_1025_36251149@N00.jpg
328	86	346	87	51	2
99	141	115	140	51	1
234	135	252	137	28	1
1340254310_63b2d65769_1056_11569029@N05.jpg
174	140	191	140	28	1
251	149	267	144	28	1
1346429217_5b40cae941_1087_12979804@N07.jpg
444	172	468	170	28	2
326	200	350	202	28	1
1350816051_9feb3ddb39_1127_12017034@N07.jpg
358	172	398	156	28	2
174	276	216	272	28	1
1350833783_4b544b0157_1294_12017034@N07.jpg
562	84	580	82	28	2
488	120	506	118	28	1
1351677970_5881875b47_1125_12017034@N07.jpg
124	220	182	234	28	2
308	392	364	384	28	1
1351742107_b8124921c5_1143_16104739@N00.jpg
580	176	646	174	51	2
290	220	352	202	51	1
1352631496_74d691e605_1213_16104739@N00.jpg
312	166	356	172	51	2
486	182	526	170	51	1
1375127875_b7fb661389_1191_7671591@N08.jpg
262	328	284	330	28	2
396	356	420	356	28	1
1393047386_d17fc9aafd_1320_11668957@N02.jpg
356	182	424	170	28	2
258	448	314	444	28	1
1398449703_6f829aae71_1357_51374568@N00.jpg
472	210	560	204	28	2
214	294	314	302	28	1
1398463065_b954a35e9c_1401_51374568@N00.jpg
146	156	292	184	28	2
454	338	602	294	28	1
1444586655_d8e1ddba64_1314_33018814@N00.jpg
524	392	614	404	28	1
384	260	454	268	28	2
1444721869_a5b5417962_1135_16104739@N00.jpg
196	124	227	125	28	1
260	120	288	115	28	2
1447834027_61be1cb3f8_1176_15689788@N00.jpg
162	206	182	208	28	2
252	210	272	210	28	1
1448600264_21d9f11f34_1251_39014557@N00.jpg
370	212	388	212	28	2
480	244	494	244	28	1
1448679136_2e605cd644_1064_15689788@N00.jpg
208	146	230	146	28	2
318	146	340	146	28	1
1448731700_7a09e8f3ce_1382_15689788@N00.jpg
252	186	284	186	28	1
420	214	450	208	28	2
1448790166_91bb9796ac_1158_15689788@N00.jpg
198	272	216	272	28	2
278	274	296	274	28	1
1501694976_bb6a0be719_2113_63506706@N00.jpg
168	160	182	162	28	2
876	266	888	266	28	1
187	248	204	248	28	2
255	193	274	193	28	2
351	244	368	241	28	2
358	180	370	181	28	2
434	266	450	266	28	1
529	242	541	240	28	1
584	215	600	212	28	2
682	246	698	247	28	1
264	368	281	367	10	2
698	197	711	197	28	2
762	253	780	250	28	1
767	348	782	348	5	1
800	198	813	197	28	2
1514958480_3db94acea8_2041_46901219@N00.jpg
161	83	195	92	51	2
247	134	280	139	51	1
1571372307_a92c34da4b_2401_7819308@N05.jpg
500	264	592	276	28	1
336	288	426	268	28	2
1588370332_473e86e08e_2101_46901219@N00.jpg
204	185	227	185	28	1
144	174	169	176	28	2
1610265784_fb9add48e4_2225_11596239@N00.jpg
648	160	714	158	28	2
510	236	576	248	28	1
1610527101_fb82b27e51_2410_57134229@N00.jpg
356	312	380	308	51	2
96	390	126	388	28	2
1611409530_4f1155730c_2354_57134229@N00.jpg
402	122	432	128	28	2
650	132	678	126	28	1
1611419130_f26347589c_2245_57134229@N00.jpg
510	268	572	276	28	1
420	56	446	62	28	2
1659530477_5dd41e9fdf_2068_63825114@N00.jpg
516	330	540	328	28	1
648	310	666	308	75	1
1660023939_11c94365d6_2281_63825114@N00.jpg
316	196	340	200	16	1
606	278	630	280	10	1
454	190	481	194	28	1
1660562956_b7656b5813_2057_63825114@N00.jpg
636	270	690	272	75	1
380	290	430	286	28	1
1661007540_8f5cb0db79_2320_63825114@N00.jpg
194	156	222	158	16	2
336	384	362	384	5	2
1674212506_79778801be_2076_27237612@N00.jpg
416	296	470	290	28	1
554	286	600	274	28	2
1737318489_3b0f699cd2_2334_8239887@N03.jpg
374	312	400	308	28	1
288	272	314	272	28	2
1890594223_e3ee0d5f8a_2336_62012217@N00.jpg
458	304	474	300	28	1
490	298	508	298	28	2
1891350662_9e6f0dfada_2223_62012217@N00.jpg
442	262	464	260	28	1
382	262	402	260	28	1
1893406522_23370003fd_2084_88063120@N00.jpg
414	306	436	304	28	2
252	316	272	314	28	1
326	317	347	316	1	2
1903579151_75e21a52a0_2186_62012217@N00.jpg
458	292	480	292	28	1
542	302	566	302	51	1
1927780902_e59ec0a039_2225_60849961@N00.jpg
258	126	312	124	28	2
718	150	776	150	28	1
1928212193_2d72953820_2262_51374568@N00.jpg
446	112	488	114	28	1
280	394	314	394	5	1
521	369	568	372	5	1
771	358	812	360	5	1
1929106068_25da7532f7_2272_51374568@N00.jpg
482	180	512	172	28	2
600	198	639	189	28	1
1952205802_c4f5dd7292_2368_21271450@N00.jpg
620	364	684	368	28	1
102	174	150	184	28	2
1970213241_9b5d2386d5_2399_8889995@N04.jpg
245	127	293	133	28	2
106	181	151	179	28	1
1974443197_c6fc915b7c_2196_11246063@N07.jpg
228	106	243	108	28	1
274	112	288	114	28	1
159	97	175	101	28	1
365	106	381	113	28	1
1975278902_e4cfacfe17_2390_11246063@N07.jpg
178	136	200	131	28	2
139	154	162	156	28	1
1976276835_8477bfc6bf_2303_60849961@N00.jpg
250	118	306	118	28	1
724	418	754	422	51	1
2038469741_6e39c79fb3_2375_88722870@N00.jpg
170	102	194	104	51	2
258	166	282	166	28	1
2052370772_99b0160457_2241_83117738@N00.jpg
176	268	264	270	28	1
430	204	520	208	28	2
2057076073_3e375e7389_2094_7646466@N08.jpg
286	238	372	242	28	2
558	260	636	262	28	1
2063710273_787cf73cc5_2051_44076498@N00.jpg
232	126	272	136	28	2
318	174	354	166	28	1
2063714129_9d9d9db18c_2420_44076498@N00.jpg
238	162	296	174	28	2
354	220	410	210	28	1
2065334500_569424a437_2295_48647755@N00.jpg
168	165	177	165	28	2
190	170	199	172	28	1
2067183287_125d8addaf_2213_14464972@N06.jpg
194	129	223	131	28	1
139	72	165	71	28	2
2067977854_31fccc90cd_2368_14464972@N06.jpg
119	95	156	103	28	2
210	172	257	172	28	1
2067977942_0de8cb6200_2369_14464972@N06.jpg
137	58	155	60	28	2
193	89	211	91	28	1
2067978562_78cd618fbb_2101_14464972@N06.jpg
128	87	160	92	28	2
187	139	216	136	28	1
2072430151_faafbb586d_2100_7776029@N04.jpg
480	214	502	214	28	1
388	206	410	208	28	2
2072916730_e55e3584a7_2366_7776029@N04.jpg
137	158	168	158	5	2
234	179	258	180	5	1
2073442840_00249c6143_2013_17989175@N00.jpg
228	140	238	139	28	2
237	184	247	185	28	1
2073443626_3792eb9172_2396_17989175@N00.jpg
183	157	193	153	28	2
158	176	168	174	28	1
2077966751_3d1ca49b37_2142_31123313@N00.jpg
288	126	297	126	28	2
211	127	220	127	28	1
2083092826_740c7f54ea_2149_16274716@N04.jpg
568	236	590	236	28	2
474	318	496	318	28	1
2092119293_0d64c46f87_2132_20935222@N02.jpg
204	112	235	105	28	2
107	134	140	134	28	1
2099116858_5f254894f0_2121_54983644@N00.jpg
196	97	204	97	51	2
60	145	69	147	10	2
2099118400_5fbf1b43d8_2165_54983644@N00.jpg
138	115	159	115	1	1
266	131	284	130	1	1
2116557882_e7540baaf9_2007_77651361@N00.jpg
193	159	234	149	28	2
112	227	153	221	28	1
2118383664_0fa402aedb_2291_7856247@N06.jpg
268	146	277	145	28	2
182	168	193	168	28	1
2118384052_5b2e60c254_2285_7856247@N06.jpg
115	128	127	128	28	2
194	138	206	137	28	1
2129236960_55da336ab8_2409_10589600@N00.jpg
198	156	213	156	28	1
233	151	246	151	28	2
2137765301_773f592c70_2190_7428165@N03.jpg
774	244	834	252	28	1
212	236	268	230	28	2
2137904879_2c56cbd382_2024_7428165@N03.jpg
256	184	284	176	28	2
212	304	240	298	28	1
2137905389_b7612e4416_2400_7428165@N03.jpg
430	146	450	146	28	2
340	190	360	190	28	1
2137906189_f69c01cd5d_2035_7428165@N03.jpg
438	70	458	72	28	2
350	90	372	92	28	1
2138558124_290bcdac70_2390_7428165@N03.jpg
266	360	286	364	28	1
374	354	394	352	28	2
2138626818_1674aef413_2054_7428165@N03.jpg
432	264	454	268	28	1
766	284	784	286	28	1
638	260	654	270	28	1
2138642898_830ecd6b08_2026_7428165@N03.jpg
504	232	538	234	28	1
864	476	896	480	51	2
2138682084_06f53e70fb_2239_7428165@N03.jpg
328	206	356	212	28	1
620	242	646	238	51	2
2140012787_64901d0643_2154_12347919@N00.jpg
382	113	392	112	51	2
260	115	269	114	75	2
92	126	105	126	51	2
163	146	174	143	51	1
221	136	231	139	75	1
316	114	327	114	51	2
2140680748_7dbdd2219b_2338_49533891@N00.jpg
412	268	464	270	28	1
574	194	632	194	28	2
2140796534_35773cc8cf_2052_12347919@N00.jpg
270	96	281	95	75	2
145	133	156	131	51	1
325	100	337	95	51	2
2160523372_08b76dbe7f_2201_7866774@N06.jpg
314	278	336	278	51	2
214	368	236	360	28	1
2165006193_19dbef54ac_2206_11246063@N07.jpg
318	128	350	130	28	1
84	110	114	105	75	2
2165007667_7c952823ec_2330_11246063@N07.jpg
178	130	205	133	51	1
303	86	322	91	51	2
2165812754_4df27b0769_2090_11246063@N07.jpg
206	84	242	90	28	1
285	109	322	109	28	1
2165813424_86384cca8d_2368_11246063@N07.jpg
213	126	233	125	28	1
127	121	148	118	28	1
2167211701_627ae9ecd2_2313_50543908@N00.jpg
566	186	596	186	28	1
277	172	312	165	75	2
2167247921_b319c7a771_2072_50543908@N00.jpg
330	164	362	166	28	2
640	236	674	236	75	1
2167251067_69cf4f08db_2077_50543908@N00.jpg
494	110	530	108	10	2
220	210	258	208	5	2
2167258415_3630de0e27_2380_50543908@N00.jpg
536	146	564	148	28	2
238	206	262	202	28	1
2167276745_52d962cf15_2290_50543908@N00.jpg
386	134	430	136	75	2
582	268	626	266	75	1
2167277689_78282ba6e5_2164_50543908@N00.jpg
250	182	284	182	75	2
518	252	548	254	75	1
2167314759_58e8726ac4_2360_50543908@N00.jpg
142	230	206	248	28	2
322	338	380	334	28	1
2167341023_5dd69a9357_2286_50543908@N00.jpg
396	272	422	272	28	1
236	234	254	238	28	1
2167342881_97c52c8e8b_2198_50543908@N00.jpg
396	238	424	236	28	1
230	232	254	236	28	1
2167343947_fd05f52fc2_2158_50543908@N00.jpg
384	224	410	226	28	1
226	236	252	238	28	1
2167345747_af1cf496d2_2250_50543908@N00.jpg
384	262	414	264	28	2
168	240	198	244	28	2
2167348131_b8c6c488c4_2183_50543908@N00.jpg
170	236	200	240	28	2
370	244	400	244	28	2
2167348861_1c7a8585f4_2186_50543908@N00.jpg
184	246	214	252	28	2
336	392	362	394	16	2
2167349565_50cc576870_2110_50543908@N00.jpg
212	262	242	266	28	2
404	392	430	394	16	2
2167350297_9deaac6302_2254_50543908@N00.jpg
200	242	230	244	28	2
382	284	408	284	16	2
2167351111_1e16dfea3a_2168_50543908@N00.jpg
338	274	370	272	75	2
130	206	166	212	28	2
2167364753_bea7abf6fd_2384_50543908@N00.jpg
316	246	364	238	28	2
182	354	228	356	28	1
2167378335_23257672d7_2233_50543908@N00.jpg
168	270	202	270	51	1
326	220	362	220	51	2
2168015140_82e1ae6fe4_2142_50543908@N00.jpg
294	202	326	198	10	1
514	102	546	98	16	1
2168028710_0da38f673f_2249_50543908@N00.jpg
572	186	610	182	5	1
288	102	324	96	10	1
2168052334_e03914b3a0_2221_50543908@N00.jpg
394	78	422	78	28	2
204	138	230	138	51	1
619	97	652	97	51	2
2168070242_b653cd8403_2075_50543908@N00.jpg
464	174	494	174	51	1
228	140	258	144	51	2
2168072742_c5f2575772_2087_50543908@N00.jpg
520	122	550	122	28	2
262	154	296	152	28	1
2168074536_fda69f6733_2361_50543908@N00.jpg
524	74	558	72	28	2
224	170	254	170	51	1
2168131158_4e6283810e_2247_50543908@N00.jpg
370	240	396	242	28	1
236	234	256	240	28	1
2168133044_eb5aed0c2d_2204_50543908@N00.jpg
350	218	380	216	28	1
226	238	252	238	28	1
2168135996_cb6ac8d50c_2322_50543908@N00.jpg
360	260	388	258	28	1
224	240	250	240	28	1
2168137568_d11ef90f56_2357_50543908@N00.jpg
162	240	192	244	28	2
352	240	384	240	28	2
2168138550_6fb4385670_2206_50543908@N00.jpg
172	236	202	238	28	2
370	284	400	286	28	2
2168150826_6f7f386e1a_2336_50543908@N00.jpg
350	312	388	312	75	1
218	210	258	218	28	1
2168152774_5494b4dcac_2149_50543908@N00.jpg
398	332	414	328	28	2
342	362	356	364	28	1
2168154512_f3ac435530_2280_50543908@N00.jpg
300	252	334	248	28	2
194	320	228	324	28	1
2168163352_a93b0194c8_2292_50543908@N00.jpg
220	238	260	228	28	2
130	316	170	308	51	1
2168170784_0fe176a982_2377_50543908@N00.jpg
166	178	202	174	75	2
328	244	358	246	75	1
2174494276_8d82e08c06_2361_17983499@N00.jpg
105	102	127	107	28	2
142	108	167	106	28	1
2182257308_736a80c2c8_2010_16104739@N00.jpg
396	250	446	244	28	2
302	234	356	246	28	1
2183050945_42da58dc96_2397_21822526@N00.jpg
140	189	155	191	28	1
168	152	183	150	28	2
2188221153_ddc273ddc2_2345_98233066@N00.jpg
354	338	390	340	28	1
314	172	352	174	28	2
2188336289_93c7888177_2254_88722870@N00.jpg
272	246	364	246	28	2
548	282	624	284	28	1
2188388724_39d7b047bd_2269_22368608@N04.jpg
514	190	582	182	28	2
372	236	430	222	28	1
2191872060_ac5cfea8a8_2079_22067139@N05.jpg
90	146	114	149	28	2
252	65	273	62	28	1
2194143469_48da444b23_2140_36679643@N00.jpg
131	124	149	127	28	2
165	158	181	158	28	1
2200379717_1ff7412b87_2113_22839086@N02.jpg
95	94	106	98	28	1
143	184	156	186	28	2
2205636500_4fc771613d_2187_27309466@N00.jpg
129	81	154	83	28	2
326	104	348	105	28	1
2208288503_cd2998913d_2011_14972385@N06.jpg
137	150	146	149	28	2
152	170	160	168	28	1
2209084070_64f44ea26d_2183_14972385@N06.jpg
129	198	158	195	28	2
161	282	183	288	28	1
2209084128_6c2beda09c_2407_14972385@N06.jpg
111	226	146	229	28	2
154	301	184	303	28	1
2216305394_bce02af68d_2412_11246063@N07.jpg
132	108	146	107	28	2
251	117	261	118	28	1
2216334478_b75c99bfe4_2014_11246063@N07.jpg
185	59	207	59	28	2
118	92	138	89	28	1
2216334664_cb079d5679_2274_11246063@N07.jpg
185	79	208	80	28	2
111	119	134	117	28	1
2216334968_16432f2a7f_2402_11246063@N07.jpg
147	93	170	96	28	2
265	47	283	50	10	2
2216335062_15f9bbaccd_2082_11246063@N07.jpg
255	42	267	41	28	2
197	63	207	64	28	1
2216335380_5d38b7faa1_2332_11246063@N07.jpg
166	56	185	54	28	2
90	80	107	79	28	1
194	238	215	236	10	2
2221675531_46af8f2a51_2316_79459049@N00.jpg
246	308	298	306	28	2
398	436	446	438	28	1
2229987249_32cc10e64a_2116_16104739@N00.jpg
374	218	418	212	28	2
220	314	264	310	28	1
2237633175_5721afb18f_2251_7232687@N03.jpg
283	78	317	82	28	2
181	91	213	89	28	1
2239876063_c4a63435cf_2038_21509631@N04.jpg
189	202	225	199	28	1
53	97	75	95	28	2
2274053991_10f206692b_2342_20655287@N00.jpg
238	358	284	360	28	1
354	200	400	192	28	2
2276815483_5eb9ecd3eb_2164_23431332@N03.jpg
306	114	364	130	28	2
410	186	466	192	28	1
2277606022_85703bc36e_2361_23431332@N03.jpg
444	118	496	118	28	1
266	54	316	68	28	2
2331267419_c85cf3e2f3_2137_75601738@N00.jpg
398	90	425	88	10	2
85	54	113	57	28	1
2331268555_4211d1e37e_2196_75601738@N00.jpg
352	92	369	89	28	2
145	93	162	94	28	1
78	92	95	95	28	2
285	88	304	92	28	1
2331268953_c83e8e2955_2318_75601738@N00.jpg
211	99	226	97	28	2
311	125	322	127	28	1
2332090764_98d379f2f1_2093_75601738@N00.jpg
276	91	294	85	28	1
171	132	187	132	28	1
2332097594_078e80af3c_2029_75601738@N00.jpg
262	82	297	85	51	2
145	128	181	121	51	1
2335662592_8eb4fdb108_2093_88766628@N00.jpg
488	140	514	138	28	2
658	412	678	412	28	1
2341968559_2dc4d3c7e1_3262_13840149@N06.jpg
198	141	223	138	28	1
33	163	53	159	28	1
2341968567_d070aa90ca_3058_13840149@N06.jpg
198	140	223	138	28	1
33	163	54	159	28	1
2341968569_920167f6b0_3212_13840149@N06.jpg
198	141	223	138	28	1
33	163	55	158	28	1
2342819336_0452dc69c2_3253_13840149@N06.jpg
100	121	121	117	75	2
191	162	214	165	28	1
2353726058_bd7c7b1fe2_2051_41873647@N00.jpg
288	113	337	110	28	2
80	183	128	178	28	1
2357069396_8b67bb9188_2376_41873647@N00.jpg
238	179	272	175	28	1
81	117	114	112	28	2
2372758553_1e3f556ec2_2276_11411378@N03.jpg
77	125	90	123	28	1
190	120	200	118	28	2
2383735494_6060782870_2027_7428165@N03.jpg
242	100	262	98	28	1
624	324	642	324	1	1
378	142	400	139	16	1
500	213	523	217	5	1
2384871060_192375c831_2266_24109950@N08.jpg
123	136	147	142	28	2
197	188	220	183	28	1
2389886893_15a341cd75_3210_41873647@N00.jpg
136	210	146	210	28	2
173	223	182	223	28	1
2389895179_c533c47885_3295_41873647@N00.jpg
97	274	123	277	28	2
187	303	212	305	28	1
2393079150_e54decb70b_3002_57793360@N00.jpg
189	121	201	119	28	2
148	142	162	141	28	1
2397989975_b10540b618_2363_14682886@N00.jpg
186	93	206	93	28	2
145	102	162	104	28	1
2397990143_267c5f71f9_2329_14682886@N00.jpg
400	118	414	120	28	2
361	126	377	124	28	1
2397991367_83c007fec2_2235_14682886@N00.jpg
296	182	350	188	10	2
168	139	217	151	10	1
2402751753_e4909dab01_3130_24799001@N04.jpg
333	91	379	89	28	2
264	196	318	193	28	1
2406441103_97da809883_3203_22627932@N02.jpg
416	122	496	148	28	2
574	370	658	370	28	1
2407269154_2bf381b670_2382_22627932@N02.jpg
235	131	280	134	28	2
120	138	167	135	28	1
2430757213_063ea5cf46_3250_67179362@N00.jpg
172	72	184	73	28	2
102	107	113	109	28	1
2431030498_a35ec667ea_3207_22798933@N08.jpg
606	510	726	476	51	1
244	378	370	360	51	2
2436520489_b223d1c3c3_2036_22820213@N03.jpg
187	163	220	166	5	1
304	96	329	99	5	1
2442559948_41051d5556_2126_27547644@N00.jpg
208	192	240	192	28	1
570	320	600	326	51	1
2462461856_a923410e7a_2065_42945956@N00.jpg
190	224	242	224	28	1
456	142	502	144	51	2
2467925586_f633baf825_3054_80585545@N00.jpg
56	116	118	107	51	1
280	61	323	61	51	2
2471515663_aa989b687e_2348_61503270@N00.jpg
256	188	296	180	28	2
636	150	676	152	28	2
2477309805_6b339963b6_2387_22799479@N06.jpg
180	388	234	388	28	1
364	324	414	326	28	2
2478119806_8745b49a47_2017_22799479@N06.jpg
450	246	494	252	28	2
256	272	300	276	28	1
2482917964_6c228feff3_3219_52897642@N00.jpg
178	134	190	133	28	1
231	117	243	116	28	2
2484648104_cacbace060_2343_45301698@N00.jpg
250	602	310	588	28	1
312	186	362	196	51	2
2484840474_d1695b577b_2412_99763788@N00.jpg
362	62	374	60	28	2
246	42	260	44	28	1
2485490757_d22c7bea9f_3188_52897642@N00.jpg
353	181	369	181	28	1
150	169	166	169	28	1
246	150	263	147	28	2
2499669882_3065aa1021_2321_51297737@N00.jpg
235	43	260	38	28	2
167	67	195	66	28	1
2499671758_98b7b6b9d9_3072_51297737@N00.jpg
69	77	81	78	28	2
123	92	134	90	28	1
2503207656_83615e6079_2111_10606137@N04.jpg
334	172	362	168	28	2
178	192	208	190	28	1
2503980665_ee171cfd12_3181_60196751@N00.jpg
344	256	366	258	28	1
480	220	504	220	51	2
2508549981_186c263598_2239_7408725@N03.jpg
264	154	294	156	28	2
204	154	228	154	28	1
2511950908_f6cd706c1f_2118_14682886@N00.jpg
252	57	270	57	28	2
65	139	87	139	28	1
2523746481_dac7dedf86_2258_10731304@N06.jpg
23	53	45	45	51	1
117	223	141	222	51	1
2523750427_f04ea839e1_3241_10731304@N06.jpg
278	106	312	102	28	2
115	157	145	155	51	2
2523750675_ccd2c0e0a1_2352_10731304@N06.jpg
156	120	167	120	28	1
215	135	230	136	75	2
2523752877_3b17d92180_2400_10731304@N06.jpg
92	80	111	82	75	2
198	213	217	214	28	1
2523752975_1e01dd2bde_3116_10731304@N06.jpg
112	99	128	102	75	2
200	206	217	205	28	1
2523753075_111029c4c6_2235_10731304@N06.jpg
116	110	132	112	75	2
189	218	206	218	28	1
2523754363_8b55a5c62c_2081_10731304@N06.jpg
198	158	210	158	75	2
127	166	139	166	28	1
2523756409_d5c602bc13_2247_10731304@N06.jpg
209	62	219	62	75	2
148	85	158	84	75	1
120	78	131	79	51	1
256	66	267	66	28	1
2523761471_1aa8770d11_2249_10731304@N06.jpg
85	135	100	136	75	2
241	167	256	167	28	1
2523762233_27c0aba9e4_2083_10731304@N06.jpg
98	133	120	135	75	2
193	152	213	151	51	1
2523762361_56396debcd_3260_10731304@N06.jpg
153	93	181	94	75	2
293	104	316	101	51	1
2523767605_d2b2311140_3179_10731304@N06.jpg
284	127	309	126	75	1
182	115	202	114	75	1
2523768715_669104f18f_2238_10731304@N06.jpg
283	91	317	85	28	2
144	145	178	143	75	2
2523768839_d6e63e6806_2151_10731304@N06.jpg
113	103	133	104	28	2
200	125	218	128	51	2
2523771271_ff945fde07_3282_10731304@N06.jpg
217	128	234	125	51	2
90	119	106	120	28	2
342	143	358	145	28	1
2523771637_b3c5fd5219_2197_10731304@N06.jpg
201	135	218	134	51	2
87	122	102	124	28	2
2523772227_8a7ebda201_2317_10731304@N06.jpg
86	90	106	89	51	2
209	97	229	96	51	1
2523772459_72d0de5f3b_3291_10731304@N06.jpg
290	102	333	103	51	2
141	180	181	187	51	1
2523772665_bc0cf9d59d_2159_10731304@N06.jpg
271	99	307	97	51	1
160	95	198	88	51	1
2523773421_b149183017_2225_10731304@N06.jpg
268	72	292	67	51	2
140	82	162	77	51	2
2523774585_5fc18d27ab_2071_10731304@N06.jpg
184	126	209	122	51	2
245	129	268	121	51	2
2523774749_7e1c97fc38_2013_10731304@N06.jpg
192	117	230	118	28	2
278	140	314	135	28	1
2524575058_d6d9785022_2179_10731304@N06.jpg
153	65	161	65	51	2
318	50	326	49	28	2
2524575992_586ea489d6_2412_10731304@N06.jpg
322	90	342	90	51	1
136	76	154	76	51	2
2524580516_d19af7e521_2365_10731304@N06.jpg
178	104	199	105	51	1
91	94	111	92	51	2
2524581414_6cd2673888_3277_10731304@N06.jpg
200	137	217	139	51	1
111	121	126	123	51	1
163	88	178	88	51	2
2524581608_660c2e9f9d_2274_10731304@N06.jpg
103	170	124	172	75	1
175	119	196	117	51	1
2524583082_7e1b778123_2161_10731304@N06.jpg
97	128	125	129	51	1
216	176	241	172	1	1
2524583252_cc1a33c665_3062_10731304@N06.jpg
83	145	111	137	51	2
194	101	221	100	1	2
2524583626_4fa464d40d_2340_10731304@N06.jpg
265	66	289	63	51	2
171	124	197	123	51	1
2524583896_c00c85435c_2087_10731304@N06.jpg
196	159	222	154	51	1
102	99	129	99	51	2
2524584302_94d8effb8c_2195_10731304@N06.jpg
252	76	269	75	51	2
181	93	196	94	75	1
106	127	127	127	75	1
328	90	349	89	51	1
2524585852_3cf4145f1a_2129_10731304@N06.jpg
258	96	271	95	51	2
200	99	213	98	51	1
2524585986_04b5f38305_3141_10731304@N06.jpg
112	147	131	146	51	2
160	216	181	216	51	1
2524590382_460fd3e840_3110_10731304@N06.jpg
127	129	139	126	51	1
67	247	78	246	5	1
2524592580_753d28d771_3048_10731304@N06.jpg
389	116	401	119	28	1
62	125	74	125	51	2
2524593262_1b4572c6ae_2098_10731304@N06.jpg
418	85	430	85	28	1
199	79	210	80	75	2
70	102	86	102	1	2
391	103	404	110	28	2
2524593776_6df4ff5931_2393_10731304@N06.jpg
140	133	176	130	51	2
274	92	307	92	28	2
2524593906_2596555411_2229_10731304@N06.jpg
307	90	339	89	28	2
130	132	162	133	51	2
2524594116_1b397d45b2_3190_10731304@N06.jpg
169	185	221	184	28	2
74	259	115	246	28	1
2524595742_a1c9b48681_3278_10731304@N06.jpg
229	156	241	155	51	2
356	160	368	159	51	1
2524597206_654275c83b_3248_10731304@N06.jpg
159	121	209	125	28	2
275	201	324	191	28	1
2524597778_7f2085d4d2_2346_10731304@N06.jpg
303	82	338	77	75	2
121	117	151	116	51	1
2524600028_de185014bb_3104_10731304@N06.jpg
158	101	191	101	75	2
284	143	313	143	51	1
2532847783_54d925fc5e_2394_26529412@N04.jpg
202	410	224	408	28	2
406	440	428	442	28	1
2536767004_af5a758657_3106_21954980@N07.jpg
580	658	596	656	28	1
86	652	100	654	28	2
2539286407_48bace5142_2333_7560371@N08.jpg
214	134	234	132	28	2
185	158	203	160	28	1
2541975671_c00675460b_2173_23389291@N07.jpg
390	119	402	119	28	1
339	116	352	116	28	2
2542735953_024d3bccec_3112_34698905@N00.jpg
450	266	472	262	28	2
336	322	360	326	28	1
2542788998_1b401ac26f_3290_23389291@N07.jpg
125	70	138	68	28	2
103	109	115	112	28	1
2545931264_0c946728d9_3139_34698905@N00.jpg
712	264	770	258	28	2
240	438	290	434	28	1
440	291	488	287	75	2
2551050761_e39bdec391_3115_11444442@N04.jpg
492	276	518	270	28	2
226	276	252	270	28	1
2551064325_9bddbe4db0_3100_11444442@N04.jpg
556	192	580	190	28	1
404	212	426	212	28	1
2551065259_9ec04626d7_3007_11444442@N04.jpg
186	278	214	272	28	1
598	260	622	258	28	1
2551873192_2936e3ab89_3163_11444442@N04.jpg
476	280	492	282	28	2
436	342	454	342	28	1
2551888114_439923cbde_3130_11444442@N04.jpg
244	314	272	320	28	1
558	154	580	148	28	1
2551890856_60c02e9bf8_3028_11444442@N04.jpg
414	218	468	212	28	1
214	326	272	310	28	2
2551891506_24d852022f_3003_11444442@N04.jpg
246	312	270	304	28	1
196	356	222	354	28	2
2555003108_99bd10bf1d_3065_34698905@N00.jpg
414	102	458	100	28	2
188	164	218	166	28	2
2555932031_1f4cb039ed_3007_26773236@N07.jpg
260	104	292	104	28	2
360	204	390	202	28	1
2556760358_6ee25ed3f0_3060_26773236@N07.jpg
434	166	456	164	28	2
398	222	420	218	28	1
2556814677_41dc2715a1_3162_87173471@N00.jpg
347	69	369	67	28	2
273	74	293	75	28	1
2556814915_9fdacd83ca_3023_87173471@N00.jpg
110	184	120	186	28	2
89	189	98	192	28	1
2556815071_48ab24131c_3120_87173471@N00.jpg
357	59	379	61	28	2
284	73	305	70	28	1
2569128657_723487b9ca_3178_21629300@N04.jpg
88	79	101	81	28	1
406	88	420	87	28	1
2569129367_f86ee5ec12_3120_21629300@N04.jpg
107	54	126	57	28	2
355	49	367	46	28	2
2569136787_18fb07e054_3131_21629300@N04.jpg
95	94	106	98	28	1
143	184	156	186	28	2
2569952756_b3f871afaa_3151_21629300@N04.jpg
240	46	251	47	51	2
294	66	303	64	28	1
362	60	373	63	75	1
2569956400_83b3cbd81b_3151_21629300@N04.jpg
143	184	156	187	28	2
94	95	105	98	28	1
2570534278_f8c398e414_3044_9161981@N03.jpg
242	82	277	83	28	2
301	88	327	90	28	1
2571335551_6391a2d73d_3047_67742868@N00.jpg
286	222	310	222	51	1
388	176	412	176	51	2
2572442505_ebf99e66dd_3134_92916740@N00.jpg
126	187	133	187	28	2
169	187	176	187	28	1
2589112572_cc1449e825_3174_49991366@N00.jpg
630	190	702	182	28	2
410	272	482	274	28	1
2598662609_8d9ed27d38_3008_99209340@N00.jpg
654	468	716	468	28	2
346	504	398	506	28	1
2598746697_d57645e5b3_3055_99209340@N00.jpg
412	170	438	172	28	2
464	166	492	162	28	1
2598748373_4c3f92ca3c_3254_99209340@N00.jpg
320	288	346	290	28	1
366	274	392	274	28	2
2598749757_4fcfe64a70_2131_99209340@N00.jpg
700	302	726	304	28	1
748	292	774	294	28	2
2599117951_ed7568f886_3065_78464085@N00.jpg
440	366	456	368	28	2
192	352	208	352	28	1
2599118849_49d25ceed6_3238_78464085@N00.jpg
476	314	546	316	28	1
208	280	242	282	51	2
2599122443_d09578dc65_3129_78464085@N00.jpg
328	332	346	334	28	2
698	318	712	320	28	2
489	319	507	318	28	2
2599144463_327323961c_3162_78464085@N00.jpg
648	284	730	280	28	1
366	264	436	278	28	1
2599147151_e09a7a96d9_3115_78464085@N00.jpg
474	312	546	308	28	1
308	332	358	322	28	2
2599148903_6167593731_3271_78464085@N00.jpg
408	298	466	302	28	1
598	356	634	356	28	2
211	378	260	356	28	1
2599159561_be6487439d_3056_78464085@N00.jpg
266	292	324	296	28	1
588	246	656	260	28	2
2599167515_fcd32a7055_3272_78464085@N00.jpg
300	350	322	350	28	2
352	402	372	400	28	1
2599202361_81efff1583_3286_78464085@N00.jpg
494	396	522	396	28	2
204	352	228	350	28	1
2599490464_b675bf591a_3057_99209340@N00.jpg
346	204	394	210	28	1
642	110	670	108	28	2
2599958144_25028a58a4_3212_78464085@N00.jpg
348	188	412	174	28	2
548	360	612	356	28	1
2599967954_013c05f8ea_2002_78464085@N00.jpg
772	232	802	226	28	1
584	270	608	274	28	1
2599983736_4f0b7c75ee_3232_78464085@N00.jpg
576	390	594	388	28	1
392	374	412	372	28	2
2600012980_2f50f5afd8_3010_78464085@N00.jpg
358	258	394	256	28	1
586	236	604	238	28	1
2600039796_2c01266012_3080_78464085@N00.jpg
832	188	856	188	28	2
980	398	1004	398	5	1
2603877073_54bbfbaa89_3228_52392742@N00.jpg
298	230	384	228	28	2
472	424	540	418	28	1
2609320187_d105195a36_3275_17269071@N00.jpg
133	120	146	119	28	1
184	114	197	115	28	2
2614147921_e1a40436a0_3148_28021426@N02.jpg
426	226	452	220	28	2
302	364	326	364	28	1
2614221860_d6ec8147a1_3094_7821802@N03.jpg
133	139	147	140	28	1
162	105	176	102	28	2
2617648359_55d3f6977b_3264_8521811@N08.jpg
84	87	97	87	28	2
129	99	142	97	28	1
2630461400_c95ae43e39_3015_27083246@N00.jpg
374	258	392	256	28	1
582	214	596	212	28	1
2648172325_3671981d0f_3085_42045113@N00.jpg
364	244	456	258	28	2
518	366	602	354	28	1
2650053627_35dc0391a5_3257_8487941@N04.jpg
316	160	348	160	28	2
151	181	187	181	28	1
447	178	483	177	28	1
354446726_e638c5161b_146_99197779@N00.jpg
430	152	496	150	28	2
216	220	284	212	28	1
359180551_97edd80fec_157_44338403@N00.jpg
186	107	226	104	28	2
100	140	141	133	28	1
359550878_9b784dc9b3_157_44338403@N00.jpg
187	123	202	120	28	2
158	134	173	131	28	1
359551012_c5b404442a_157_44338403@N00.jpg
111	77	124	81	28	2
166	93	180	94	28	1
359551550_a1a2e472b4_128_44338403@N00.jpg
272	107	310	101	28	2
211	146	252	139	28	1
366356364_7119656375_175_84002861@N00.jpg
150	139	168	138	28	2
202	176	219	176	28	1
366356380_581b58bf36_102_84002861@N00.jpg
177	181	199	181	28	1
270	137	291	136	28	2
369285670_07a92e60f2_146_65515362@N00.jpg
652	98	678	96	28	1
210	330	232	332	28	2
369286312_9c3696455c_187_65515362@N00.jpg
760	244	796	238	28	2
182	94	212	98	28	1
370122752_ec996cae01_125_70121902@N00.jpg
190	95	202	98	28	2
162	116	175	114	28	1
370335664_6af232c55f_144_34431675@N00.jpg
256	149	266	149	28	2
152	152	163	152	28	1
375091076_686c975371_98_21716235@N00.jpg
526	242	594	220	28	2
384	284	454	284	28	1
385723241_b313ca17d9_182_41571725@N00.jpg
580	292	596	294	28	2
524	298	540	298	28	1
390901892_60814d6547_154_79644790@N00.jpg
142	88	188	93	51	2
259	147	268	145	28	1
398153243_fbefb10c0f_159_97337973@N00.jpg
293	102	333	96	28	2
147	234	189	231	28	1
401554515_215d1be0f1_142_33389938@N00.jpg
422	196	472	206	28	2
532	240	584	240	28	1
409301824_abff5aa2a4_152_83458989@N00.jpg
680	236	732	218	51	1
322	156	368	178	51	2
422752698_15abd54e77_133_12097489@N00.jpg
201	75	214	74	28	2
163	99	174	98	28	1
426456926_66711331bc_187_19654752@N00.jpg
91	119	119	122	28	2
231	158	259	155	28	1
426457104_734f376826_183_19654752@N00.jpg
152	112	190	115	28	2
322	180	364	181	28	1
426999718_979b076d59_156_30821097@N00.jpg
62	163	72	162	28	1
44	164	53	162	28	2
435476273_695d0ab09f_178_76064054@N00.jpg
348	113	398	115	28	2
108	224	151	222	28	1
448384982_b2b7912e6d_182_30821097@N00.jpg
158	106	185	106	28	1
109	93	140	95	28	2
448388187_4f7f9fc4f4_203_30821097@N00.jpg
135	107	160	108	28	2
182	112	202	110	28	1
448803401_f5e754ad57_194_7647883@N05.jpg
320	73	333	72	28	2
283	81	296	80	28	1
449778099_c7a7cb6b77_222_36679643@N00.jpg
351	91	385	89	28	2
265	125	297	126	28	1
468510669_8665d22f24_222_60849961@N00.jpg
128	212	234	198	28	1
404	162	480	174	28	2
469996221_2f6339acb5_213_72665231@N00.jpg
242	136	272	130	28	1
366	106	396	110	28	2
472121037_203a0b3264_194_81273509@N00.jpg
144	98	171	100	28	1
298	67	324	73	28	2
474625178_b69e78c538_218_94204726@N00.jpg
69	36	98	37	28	2
243	138	269	148	28	1
477488994_4194241f27_180_98922376@N00.jpg
138	102	156	101	28	1
223	72	241	73	28	2
480976319_8a9d9ff411_224_25051270@N00.jpg
402	474	458	474	28	2
186	546	240	544	28	1
487048605_94edb1c302_230_50956048@N00.jpg
234	390	324	362	28	1
398	292	496	290	28	2
490143413_6599fb63de_213_70688355@N00.jpg
610	134	646	132	28	2
714	158	750	164	28	1
498318143_9cbe2176ca_231_25327838@N00.jpg
978	272	994	274	28	1
704	268	718	266	28	1
608	247	623	248	28	1
499444635_fa98a9a873_217_36679643@N00.jpg
111	93	122	96	28	2
145	121	159	121	28	1
499836779_a0c02e5c06_192_8307657@N02.jpg
312	129	368	119	28	2
139	228	200	225	28	1
499912498_667706a273_217_8307657@N02.jpg
135	93	186	99	28	2
302	136	349	130	28	1
499912532_c241a46d07_197_8307657@N02.jpg
131	139	160	140	28	2
301	168	322	159	28	1
499947434_92beb1bc93_190_8307657@N02.jpg
267	153	294	153	28	1
150	97	176	98	28	2
500020454_f85869bc0f_196_8307657@N02.jpg
223	92	253	86	28	2
113	166	145	164	28	1
500023550_bab6e5da60_217_8307657@N02.jpg
118	156	160	163	28	2
267	153	311	154	28	1
500045161_adcac28ebc_219_8307657@N02.jpg
294	108	321	100	28	2
464	349	483	347	5	1
508734262_4d97f30693_208_56117563@N00.jpg
414	250	456	248	75	1
238	170	278	164	28	1
508734362_26d447525c_216_56117563@N00.jpg
206	146	226	148	28	2
266	192	286	192	28	1
509682936_719c870109_194_16507268@N00.jpg
656	188	688	184	28	1
496	202	528	204	28	1
335	127	372	123	51	2
509689238_478ea9ab12_194_16507268@N00.jpg
412	164	444	158	28	2
238	192	264	194	28	1
510482143_4c0d29daa0_189_80746488@N00.jpg
118	78	166	84	75	2
442	122	474	122	51	1
520989534_009620dcd4_232_91159461@N00.jpg
123	76	132	74	28	2
150	211	159	210	28	1
521021295_4d4da1e06c_250_91159461@N00.jpg
218	115	248	112	28	1
116	44	143	38	28	2
523857190_16adf2d7e0_222_73487842@N00.jpg
454	324	514	326	28	1
674	334	726	328	28	2
530997343_6fe41d2c92_1330_87972835@N00.jpg
86	154	143	147	28	1
152	146	202	137	28	2
535648690_a26ffd9214_200_8503389@N08.jpg
149	97	183	101	28	2
314	146	348	146	28	1
535650678_f2ac658e7c_229_8503389@N08.jpg
139	146	166	147	28	2
334	199	364	199	28	1
535651838_839083cf5c_224_8503389@N08.jpg
314	111	335	110	28	1
182	68	202	69	28	2
535651854_ea18e5619d_192_8503389@N08.jpg
66	139	87	142	28	2
197	189	221	185	28	1
535767179_6984bc9c84_228_8503389@N08.jpg
163	167	185	165	28	2
299	196	325	197	28	1
535768215_79cdbc12f1_204_8503389@N08.jpg
103	82	118	82	28	2
198	114	215	114	28	1
539666935_9d90bce8bc_1439_8802058@N06.jpg
262	118	272	119	28	2
179	127	190	128	51	1
539736058_7f5bc0a067_1407_39471939@N00.jpg
254	192	284	194	28	2
188	242	212	236	28	1
540830618_16b79a47b0_1428_96996633@N00.jpg
284	105	323	106	75	2
192	158	236	157	51	1
541420675_b454ded097_1283_46031394@N00.jpg
163	109	199	116	28	2
216	218	250	222	28	1
541932029_cc40725b0d_1124_61763311@N00.jpg
145	117	157	116	28	2
197	122	208	124	28	1
541938289_a4c0a869b9_1372_61763311@N00.jpg
185	148	225	145	28	2
90	183	123	178	28	1
545727475_f6b1ce0e63_1267_49503181652@N01.jpg
248	113	295	106	28	2
165	126	209	114	28	1
607031253_3707c4c622_1030_21318703@N00.jpg
293	128	318	122	28	2
191	123	217	123	28	2
607040649_6d069e0dbd_1163_21318703@N00.jpg
249	127	273	121	28	2
162	158	184	155	28	1
607047297_611f7f7ab5_1125_21318703@N00.jpg
285	108	303	109	28	2
203	89	216	91	28	2
102	115	120	121	28	2
355	104	368	101	28	2
607194238_9b9f45a9f8_1066_21318703@N00.jpg
163	119	193	120	51	2
256	169	280	168	51	1
607212228_606cc8c3d4_1305_21318703@N00.jpg
234	113	261	107	28	2
149	182	172	179	51	1
631519751_8543b54669_1118_7270289@N02.jpg
166	139	195	143	28	1
109	133	135	126	28	2
631520123_889cbc29b8_1413_7270289@N02.jpg
109	198	142	196	28	1
183	155	215	152	28	2
631520501_300362631f_1052_7270289@N02.jpg
95	95	112	94	28	2
276	107	293	105	28	1
632386416_a7b5665be1_1048_7270289@N02.jpg
208	55	222	56	28	2
78	78	93	77	28	1
636621138_40405ead00_1376_16496634@N00.jpg
178	155	223	147	28	2
112	199	151	196	28	1
645596710_a01b29d988_1029_9412551@N06.jpg
176	430	194	430	28	2
260	480	276	482	28	1
650081853_4afd031528_1393_25902972@N00.jpg
199	110	222	107	28	1
119	90	144	94	28	2
661834246_d9cb0eb757_1413_9161981@N03.jpg
95	111	148	100	28	2
209	161	253	159	28	1
705204080_3281289f80_1010_16696972@N00.jpg
402	330	418	326	28	2
428	528	444	530	10	1
269	341	291	341	28	1
291	613	313	615	5	1
752278892_141e666e89_1158_73224992@N00.jpg
90	87	103	87	28	2
141	106	153	107	28	1
783646268_0a1c2df42e_1103_48778146@N00.jpg
121	213	170	207	28	1
240	98	281	91	28	2
785946413_758456baab_1366_8780576@N05.jpg
410	274	426	274	28	2
382	334	400	336	28	1
785946439_d54b47e9b0_1394_8780576@N05.jpg
314	372	334	370	28	1
370	340	388	340	28	2
798780974_b9346eee7a_1206_7428165@N03.jpg
263	158	274	157	28	1
186	139	198	141	28	1
805474199_3c2ee1ba1b_1101_76752919@N00.jpg
456	422	536	416	28	2
270	392	340	398	28	1
808354876_ecb7f30c75_1390_77358309@N00.jpg
484	328	510	330	28	1
714	274	732	272	28	2
808361588_b39614b6ff_1102_77358309@N00.jpg
414	342	436	338	28	1
786	314	808	312	51	1
834165730_b9bef06b07_1131_58565177@N00.jpg
318	252	368	246	28	2
228	420	278	416	28	1
860742004_e6fa87f96a_1091_27151293@N00.jpg
71	91	88	91	28	2
129	109	144	105	28	1
863041693_5a7f1749bb_1115_71493060@N00.jpg
338	368	362	366	28	2
566	356	588	358	28	1
872248805_ebb52bbe44_1394_22264752@N00.jpg
462	200	538	176	28	1
216	174	290	162	28	2
874519802_0404ca3af3_1238_37249999@N00.jpg
327	73	340	74	28	2
358	116	366	115	28	1
874702129_14f4e3cc40_1334_10179259@N00.jpg
586	318	642	308	28	1
460	326	524	330	51	1
306	159	357	206	51	2
694	219	757	191	28	2
900644231_033324a4e2_1016_8584264@N02.jpg
486	124	516	126	28	1
632	212	658	206	28	1
469	282	503	267	28	1
900650323_3b7335585c_1285_8584264@N02.jpg
460	274	492	262	28	1
418	128	448	124	28	1
586	190	615	172	28	1
900731483_89f9cdedd8_1363_8584264@N02.jpg
550	222	584	214	28	2
408	316	440	308	51	1
900852149_5c266dfce3_1009_8584264@N02.jpg
260	270	370	272	28	2
474	496	578	472	28	1
900865703_1e4e277a6c_1321_8584264@N02.jpg
298	302	358	300	28	2
428	400	486	402	28	1
900887757_32a662c2db_1025_8584264@N02.jpg
396	272	450	280	28	1
690	144	716	144	28	2
901594544_74298b83e2_1041_8584264@N02.jpg
684	226	718	224	51	2
518	210	556	210	28	2
337	315	381	315	51	1
901648374_0f70b515b1_1071_8584264@N02.jpg
512	286	540	284	28	1
634	288	658	284	28	1
901722542_6c81ff87e9_1205_8584264@N02.jpg
300	302	360	302	28	2
428	400	486	400	28	1
912199685_385a17c1cc_1269_83371770@N00.jpg
309	116	348	117	28	2
140	102	177	107	51	2
912207367_4337ff2961_1153_83371770@N00.jpg
284	109	291	109	28	2
223	115	230	116	28	1
912207953_b1fecebc49_1042_83371770@N00.jpg
320	110	336	107	28	1
356	99	372	97	28	2
912217187_3f81e916f8_1439_83371770@N00.jpg
117	131	126	129	28	1
140	133	149	131	51	1
913052492_aca2f78ae2_1377_83371770@N00.jpg
86	142	99	143	28	2
171	129	183	127	28	2
913058228_2406be11e1_1250_83371770@N00.jpg
234	92	249	91	28	2
136	97	151	98	28	1
920776934_42fa5d1b0d_1437_92117860@N00.jpg
360	442	396	440	28	1
214	274	256	272	28	2
947228208_850c6c8960_1249_37249999@N00.jpg
105	46	124	49	28	2
141	88	159	89	28	1
988978634_22e5319ed0_1361_72538756@N00.jpg
146	92	172	92	28	2
199	132	226	131	28	1
