1127208959_21f485487d_1431_38644528@N00.jpg
168	188	222	198	51	2
466	104	500	114	28	2
646	236	690	230	28	1
866	254	908	258	51	1
1127653291_1483077b27_1285_38644528@N00.jpg
464	84	520	90	28	2
700	204	758	194	28	1
218	274	264	278	28	1
1127960392_0f2a26a3dc_1284_38644528@N00.jpg
506	308	604	310	28	1
182	258	268	254	10	1
770	322	858	322	16	1
1128175587_504be72af8_1161_38644528@N00.jpg
366	204	452	194	28	1
660	202	750	180	28	2
586	456	682	470	1	1
1128864082_abfa7410d8_1363_38644528@N00.jpg
496	470	548	472	75	2
704	246	754	250	51	1
504	222	550	216	28	1
351	86	391	104	28	2
1128952436_63fb4f2c0e_1439_38644528@N00.jpg
676	238	714	230	28	2
494	406	534	400	28	1
334	322	370	336	28	2
596	380	632	374	28	1
1157735389_35f8ddb6bf_1210_83458989@N00.jpg
400	222	438	222	75	2
668	238	702	228	28	1
514	302	550	300	28	1
312	306	346	302	75	1
1158015983_b59038fdba_1023_83458989@N00.jpg
306	286	328	282	28	1
362	334	384	332	28	1
452	306	474	304	28	1
224	328	244	326	28	1
150	343	171	343	28	1
1158606210_0e47016b78_1436_83458989@N00.jpg
318	302	342	298	28	1
428	254	452	250	51	1
186	308	210	306	75	1
245	245	275	245	75	2
1158620152_0e0885b9f1_1310_83458989@N00.jpg
226	402	262	400	75	2
146	446	180	442	75	1
320	440	354	432	28	1
472	376	506	370	51	1
1223264265_9d4c80f72d_1064_35406784@N00.jpg
632	72	650	72	28	1
190	206	208	204	28	1
336	104	352	102	28	1
456	196	472	196	28	1
778	212	794	210	28	1
1223267213_e5816b6135_1020_35406784@N00.jpg
290	104	332	94	28	1
116	184	166	178	28	1
882	182	938	186	28	1
550	102	584	108	28	1
689	105	724	92	28	1
1278651535_335fb9341f_1400_7999396@N08.jpg
494	482	530	472	28	1
148	402	192	398	28	1
314	418	352	428	28	1
1278653987_ff251b3c12_1087_7999396@N08.jpg
860	308	906	318	28	1
194	238	232	244	28	1
424	230	462	230	28	1
618	246	656	242	28	1
1278655091_f61731a50b_1216_7999396@N08.jpg
868	298	900	296	51	2
424	252	450	256	28	2
142	280	176	274	28	2
616	278	642	282	51	1
1279460500_d5770cd044_1078_7999396@N08.jpg
322	326	366	320	28	1
510	288	552	286	51	2
166	334	208	334	51	1
1279479688_b877469925_1109_7999396@N08.jpg
378	342	400	338	28	1
440	256	468	256	28	1
70	346	92	342	51	1
1279482738_80e4486787_1382_7999396@N08.jpg
320	208	380	218	28	2
538	188	588	186	28	2
640	258	682	250	28	1
444	284	486	288	28	1
1279532724_d951597693_1298_7999396@N08.jpg
368	208	412	210	28	2
108	392	126	388	51	1
16	386	32	388	51	1
1288259995_df3b64acbf_1389_11670405@N05.jpg
180	75	200	79	28	2
345	93	364	91	28	2
260	93	277	91	28	1
1288260223_84c72f99b5_1432_11670405@N05.jpg
223	89	239	84	28	1
299	88	320	81	28	2
150	84	169	84	28	2
1288268965_c84e866c8a_1122_11670405@N05.jpg
404	83	421	86	28	2
207	76	222	79	28	2
258	93	271	93	28	1
162	51	175	51	28	2
320	68	334	60	28	1
1289113248_40b3a7d872_1118_11670405@N05.jpg
221	72	236	72	28	2
111	57	127	60	28	2
168	75	181	72	28	1
1289121112_d9592a748a_1417_11670405@N05.jpg
180	137	192	134	28	1
97	104	110	104	28	2
215	116	227	114	28	2
1289121336_602df490ef_1206_11670405@N05.jpg
312	77	330	73	28	2
140	60	158	62	28	2
255	106	273	103	28	1
1289121586_79bc059afe_1368_11670405@N05.jpg
327	62	346	60	28	2
139	43	156	44	28	2
268	95	284	90	28	1
1299561138_de8cd77090_1422_69622115@N00.jpg
115	80	143	89	28	2
299	172	325	174	28	1
381	114	411	109	28	2
194	173	223	172	28	1
1326575567_3a8d97d9d8_1177_36251149@N00.jpg
164	134	174	133	28	2
104	137	115	138	28	1
238	108	249	108	28	2
1326576615_ac6f2c9174_1150_36251149@N00.jpg
249	121	259	121	28	2
121	146	130	146	28	1
180	145	190	144	28	2
1326576773_9373427c83_1133_36251149@N00.jpg
178	146	189	145	28	2
248	120	257	120	28	2
118	145	128	145	28	1
1326578203_9ae34d16d9_1284_36251149@N00.jpg
372	87	393	84	28	2
165	141	188	141	28	1
300	160	321	157	51	2
1326637277_3e649180d1_1356_36251149@N00.jpg
386	95	393	94	28	2
221	80	228	82	28	2
128	93	136	93	28	2
190	84	199	82	28	2
259	88	267	87	28	2
277	67	285	66	28	2
318	91	325	90	28	2
1326637497_e957d61f34_1382_36251149@N00.jpg
215	84	221	86	28	2
252	90	259	90	28	2
121	96	129	96	28	2
379	98	386	98	28	2
184	86	192	86	28	2
272	70	280	69	28	2
311	95	319	93	28	2
1326646087_452f7145bf_1153_36251149@N00.jpg
127	123	136	122	28	2
272	146	281	146	28	1
162	133	170	132	28	2
251	131	259	132	28	2
218	156	229	158	28	1
1326655311_a146248e04_1427_36251149@N00.jpg
139	101	156	102	51	1
342	120	359	123	51	1
248	101	265	102	28	1
1326655985_fe58d7d0db_1182_36251149@N00.jpg
167	150	177	151	28	1
224	162	235	163	51	1
97	153	108	154	51	1
1326656905_58c061782c_1435_36251149@N00.jpg
105	136	116	136	51	1
233	145	244	146	51	1
175	133	185	133	28	1
1326660147_e51b70d04c_1178_36251149@N00.jpg
242	120	255	120	51	2
179	152	189	152	28	1
87	155	97	155	51	1
1327461870_2c7391c8ca_1336_36251149@N00.jpg
234	110	244	109	28	2
16	30	27	30	51	2
145	128	156	129	28	1
1327465608_9d914db526_1310_36251149@N00.jpg
223	164	234	164	75	1
257	91	266	91	51	1
300	13	308	14	51	1
1327470874_bc1c66f313_1272_36251149@N00.jpg
238	106	249	106	28	2
163	132	174	131	51	2
104	134	114	135	28	1
1327471058_85dfe4c700_1207_36251149@N00.jpg
246	100	256	100	28	2
112	127	122	128	28	1
170	125	181	124	51	2
1327472964_54cb7ea684_1302_36251149@N00.jpg
372	84	393	81	28	2
167	138	190	137	28	1
301	157	321	154	51	2
1332539641_e9aa06ff2f_1279_35406784@N00.jpg
48	216	61	215	28	2
168	130	182	129	28	2
245	208	258	206	28	2
121	215	135	213	28	2
223	217	235	219	28	2
1332540769_e601bb770c_1154_35406784@N00.jpg
280	120	290	120	28	2
170	231	181	232	28	2
240	32	250	33	28	1
206	120	216	120	28	2
237	221	248	224	28	2
1344797552_39e021810a_1353_11670405@N05.jpg
536	274	590	290	28	1
58	262	112	258	28	2
284	130	336	124	28	2
1350794557_d86ac1eb6f_1363_12017034@N07.jpg
102	414	164	424	75	1
466	158	522	140	28	2
246	314	306	298	28	1
1350814691_7ea7cbb051_1242_12017034@N07.jpg
296	156	332	154	28	1
462	80	498	72	28	2
80	186	114	184	75	1
1351724658_0c4c768903_1256_12017034@N07.jpg
358	248	372	246	28	2
436	248	450	246	28	2
44	270	60	270	28	1
292	274	304	274	28	1
127	267	143	266	28	1
216	270	231	270	28	1
512	257	526	258	28	2
634	258	651	258	28	2
415	384	427	385	5	2
142	420	156	421	5	1
1414725033_5a0a6ea3b4_1400_58272313@N00.jpg
342	102	396	110	28	2
558	186	600	186	28	2
790	182	826	182	28	2
728	276	762	270	28	1
1611403696_edfc6f4c56_2069_57134229@N00.jpg
402	68	424	70	28	2
486	118	506	120	28	1
290	100	310	102	28	1
616	136	632	136	51	1
1659889403_acf63c7c64_2087_63825114@N00.jpg
354	188	374	190	28	1
742	182	762	184	75	1
474	102	494	102	51	2
545	196	566	197	28	1
1660181905_3febcb4e7a_2369_63825114@N00.jpg
156	206	186	206	16	2
340	436	368	436	10	2
176	484	202	482	10	2
385	186	414	186	28	1
566	584	592	584	5	2
1660300754_22555d4101_2395_63825114@N00.jpg
566	460	586	462	10	1
288	392	308	392	16	1
564	274	580	274	28	1
402	336	418	332	28	1
151	332	171	334	51	1
187	257	202	257	75	1
287	263	302	258	51	1
375	254	390	251	28	1
458	249	476	248	28	1
311	305	329	308	28	1
443	390	467	390	28	1
640	331	655	332	28	1
618	255	633	257	28	1
1660434516_19c631dadf_2066_63825114@N00.jpg
530	230	552	232	28	1
396	140	412	144	28	1
482	178	500	178	51	1
672	234	690	236	75	1
1660922392_3348272928_2229_63825114@N00.jpg
484	458	504	458	10	1
354	392	376	390	28	1
232	394	252	396	16	1
1661086284_eead0ef5e3_2374_63825114@N00.jpg
298	98	326	100	16	2
482	314	508	314	10	2
302	370	326	366	10	2
514	70	540	72	28	1
725	455	749	462	5	2
1661130424_ff20ff4af6_2133_63825114@N00.jpg
158	198	186	200	16	2
324	426	350	428	10	2
152	474	176	472	10	2
554	590	576	594	5	2
378	184	405	189	28	1
1723213287_7ca567bda8_2189_10894248@N07.jpg
468	170	494	164	28	2
134	264	160	262	28	1
704	178	726	176	28	1
426	202	446	200	16	2
1903579185_67a58ff7f1_2403_62012217@N00.jpg
596	286	640	282	51	2
430	366	468	368	51	1
294	358	330	356	28	1
1928778192_0dff8db744_2179_51374568@N00.jpg
274	210	364	224	28	1
776	276	852	256	28	1
442	272	516	278	28	1
608	324	680	320	28	1
1975278092_28bd27032c_2411_11246063@N07.jpg
67	74	85	73	28	1
402	71	421	72	28	1
158	65	177	66	28	1
296	87	313	88	28	1
1975280318_c65c9e6a15_2086_11246063@N07.jpg
366	73	381	71	75	2
226	124	236	124	28	1
193	121	203	121	28	2
157	124	165	123	28	1
128	125	138	125	28	2
435	45	451	43	28	1
2098339355_2ce7f225c5_2181_54983644@N00.jpg
134	97	147	99	51	2
249	150	263	151	28	1
245	76	257	75	28	2
2098340047_aa6f1795ae_2354_54983644@N00.jpg
334	181	349	178	28	2
86	139	100	139	28	2
205	180	219	180	28	2
314	154	326	153	28	2
209	79	223	76	28	2
2099117854_abb0fb9553_2368_54983644@N00.jpg
357	59	382	57	28	1
290	106	308	105	28	1
255	95	269	92	28	1
202	87	214	87	28	1
226	108	239	105	28	1
2099119242_b0a04ceea0_2416_54983644@N00.jpg
153	108	161	107	28	1
186	108	194	107	28	1
241	106	248	106	28	1
280	122	288	125	28	1
321	124	328	124	28	1
377	122	386	119	28	1
2140012565_2c9039d812_2039_12347919@N00.jpg
382	105	391	104	51	2
319	108	328	108	51	2
259	105	268	103	75	2
94	111	106	110	75	2
211	123	220	120	75	1
2140796768_759e64a422_2114_12347919@N00.jpg
328	109	339	106	51	2
147	141	157	139	51	1
271	105	282	104	75	2
210	130	221	130	75	1
2140797014_d22c9a69b4_2340_12347919@N00.jpg
376	102	392	98	51	2
188	132	203	131	75	1
278	98	295	96	75	2
2159741655_b0ae6b2ddc_2086_7866774@N06.jpg
458	250	494	252	28	2
172	348	210	340	28	1
2159749127_7316718f82_2152_7866774@N06.jpg
344	282	388	282	28	1
636	182	664	182	28	2
60	184	76	184	51	2
2165026451_d1e2886ce2_2210_11246063@N07.jpg
212	70	248	70	51	2
86	296	114	296	10	2
92	136	117	137	51	1
2165800864_b1d6187970_2121_11246063@N07.jpg
78	335	115	330	16	2
344	81	374	81	16	2
80	135	111	128	16	1
430	372	459	372	16	1
2165820816_c1e058e17a_2204_11246063@N07.jpg
211	122	242	123	28	1
87	162	106	156	51	1
85	290	105	286	10	2
153	97	177	88	51	2
2165821276_3a3d4fab36_2260_11246063@N07.jpg
222	86	240	76	28	2
93	101	113	104	16	2
160	282	181	279	10	2
180	146	198	144	51	1
2167235129_32722c8917_2133_50543908@N00.jpg
404	232	430	230	10	2
618	70	642	76	16	2
586	298	608	296	10	2
2167235759_dc706e7089_2246_50543908@N00.jpg
410	250	450	248	28	1
198	202	240	196	28	1
20	244	56	234	28	1
2167245151_1ab0b3dd45_2134_50543908@N00.jpg
406	142	446	148	28	2
558	182	590	182	10	2
310	270	346	270	5	2
2167264897_64d70c643f_2316_50543908@N00.jpg
384	90	408	90	28	2
528	116	550	112	75	2
214	170	238	168	75	1
2167265933_ea717d4906_2133_50543908@N00.jpg
682	112	704	114	75	2
484	82	510	82	28	2
174	164	198	160	75	1
360	134	382	136	28	1
2167280285_641831c572_2377_50543908@N00.jpg
364	138	396	136	51	1
586	80	616	84	16	2
244	160	268	160	5	2
2167360991_4c3f311231_2192_50543908@N00.jpg
344	176	374	174	28	2
310	478	338	480	75	1
190	216	218	220	28	1
2168004276_72be8e43b1_2010_50543908@N00.jpg
686	118	726	118	28	2
452	102	490	98	28	2
352	162	396	170	51	2
2168028000_010fa328d9_2231_50543908@N00.jpg
378	142	412	140	28	1
254	100	282	108	28	1
86	124	112	122	28	1
2168033400_c030e63003_2234_50543908@N00.jpg
280	222	302	222	10	1
428	74	452	74	28	1
612	166	632	166	16	1
2168053448_33b1e58184_2263_50543908@N00.jpg
630	102	654	102	51	2
454	88	478	88	28	2
178	142	202	140	51	1
324	142	348	142	28	1
2168054554_36bfe3acfc_2286_50543908@N00.jpg
414	74	444	74	28	2
636	130	662	126	75	2
238	222	264	220	75	1
2168055692_a5179c851e_2124_50543908@N00.jpg
618	132	642	128	75	2
462	84	486	84	28	2
194	216	216	216	75	1
338	142	358	144	28	1
2168058862_498c696342_2090_50543908@N00.jpg
596	140	620	138	75	2
456	104	478	104	28	2
202	184	222	184	75	1
348	152	370	154	28	1
2168059988_2cea726745_2099_50543908@N00.jpg
576	112	604	110	75	2
262	168	288	168	75	1
414	130	440	130	28	1
2168060986_82e7335e01_2144_50543908@N00.jpg
492	54	518	54	28	2
648	98	672	94	75	2
202	192	228	192	75	1
356	104	378	108	28	1
2168070998_deabd49d0c_2032_50543908@N00.jpg
390	180	418	180	16	1
204	200	232	204	16	2
580	218	606	222	16	2
2175803198_5ecc44a089_2263_21716235@N00.jpg
580	406	646	394	28	1
404	394	474	408	28	1
504	190	582	186	28	1
2215543719_3d82a63121_2174_11246063@N07.jpg
250	106	265	105	28	1
156	117	171	116	28	1
72	128	87	128	51	1
2238421334_db7d682bd0_2211_7232687@N03.jpg
231	242	242	243	16	2
234	171	246	169	28	2
176	177	186	176	28	2
84	184	94	187	28	2
137	192	147	195	5	2
2238422792_ed5d91d593_2175_7232687@N03.jpg
374	33	385	32	28	2
278	55	289	55	28	1
91	38	101	38	28	2
197	71	207	72	28	1
2240059876_db7906a171_2368_23389291@N07.jpg
242	76	256	74	28	1
120	60	133	60	28	1
182	67	195	66	28	1
2250208589_e83b1dc263_2228_12530783@N04.jpg
140	83	152	83	28	2
229	74	242	73	28	2
407	106	418	105	28	1
221	247	231	247	5	1
2331265629_055957b78c_2071_75601738@N00.jpg
248	60	271	57	28	1
46	170	67	169	10	1
172	93	185	92	28	1
2331270541_53dbea3a4a_2070_75601738@N00.jpg
436	186	457	187	75	2
164	70	186	67	75	1
38	219	54	219	75	2
2341966668_ce9a784ab8_3090_13840149@N06.jpg
176	82	184	82	28	2
116	75	123	77	28	2
211	89	219	89	28	1
265	88	275	88	28	1
2342819320_6f03dfe253_3065_13840149@N06.jpg
340	66	358	63	51	2
66	151	84	149	51	1
245	114	265	115	28	1
167	105	184	100	28	2
2344115078_3bfba0a8ed_3149_65196834@N00.jpg
238	430	258	432	28	2
344	256	362	256	51	2
314	400	334	400	28	1
422	158	438	158	28	1
375	174	393	169	51	1
464	79	482	77	51	2
2360604284_899c477750_2228_41873647@N00.jpg
137	143	172	141	28	1
273	135	299	138	28	1
367	98	390	99	28	2
415	94	433	93	28	2
2381054914_0d585ffe61_3185_7428165@N03.jpg
213	177	245	174	28	1
150	162	181	164	28	1
96	139	125	137	10	1
2382907201_9acd99ceea_3096_7428165@N03.jpg
358	358	384	350	10	1
344	228	368	226	28	1
238	288	262	290	16	1
254	522	280	520	5	1
2395149334_589385ac91_3044_41873647@N00.jpg
610	194	646	194	28	2
414	254	450	258	28	1
188	258	228	252	28	1
808	188	840	186	28	2
2503979381_64f2a599d0_2078_60196751@N00.jpg
278	166	320	170	28	2
374	148	402	154	28	2
554	228	568	228	28	2
2511950460_51958d478d_3148_14682886@N00.jpg
283	129	323	129	28	2
74	101	95	101	28	2
184	130	199	131	28	2
394	135	415	130	28	2
2523749665_e8649ed356_2269_10731304@N06.jpg
137	89	167	91	28	2
245	116	264	117	28	2
373	116	392	115	28	2
2523751197_7a4eae66e9_2243_10731304@N06.jpg
289	75	303	75	51	1
157	60	168	60	51	2
51	159	62	159	75	2
2523757805_341ba97dbf_2377_10731304@N06.jpg
74	133	82	134	51	2
217	139	225	139	75	2
115	157	124	156	75	1
157	135	167	134	51	1
2523758559_8e7dbc74b0_2364_10731304@N06.jpg
357	85	375	81	75	2
154	73	172	71	51	2
235	85	252	85	51	1
75	104	90	100	75	1
2524577942_8e83818f0c_3013_10731304@N06.jpg
97	79	118	78	51	2
223	229	244	228	51	1
2524578078_315e694fef_2333_10731304@N06.jpg
174	177	188	176	51	1
144	59	157	59	28	2
231	92	243	91	75	2
87	72	105	71	51	2
2524582970_34f53c3033_2126_10731304@N06.jpg
137	174	146	174	5	2
184	45	192	44	51	2
211	115	220	114	10	2
190	173	200	171	5	2
225	144	235	144	5	1
259	53	268	53	51	1
298	61	305	59	1	1
2524590812_0e3ae1891e_2279_10731304@N06.jpg
181	54	200	54	28	2
299	59	318	60	28	2
132	65	147	67	5	2
350	66	365	66	5	2
2524592848_f60ae7f10e_2003_10731304@N06.jpg
375	136	393	135	28	2
297	137	313	139	28	1
165	110	174	111	28	1
215	105	226	102	28	2
2524594478_1b2787fcba_3245_10731304@N06.jpg
356	77	374	77	51	2
93	95	112	95	51	2
174	87	190	90	51	2
250	92	265	92	51	2
2524597942_49a05d29a4_2197_10731304@N06.jpg
98	82	124	83	51	2
231	84	258	83	51	1
360	121	384	120	51	1
2524599896_53fa7cbb5f_2156_10731304@N06.jpg
96	91	110	91	51	2
278	99	292	100	51	2
366	126	379	125	51	1
2543007698_e4ef4b6724_2172_34698905@N00.jpg
226	168	252	164	28	2
302	294	330	290	75	1
130	240	160	240	28	1
471	174	500	166	75	2
2543010444_2bc146f94c_3131_34698905@N00.jpg
740	92	778	86	28	2
330	216	368	216	75	2
444	228	476	226	75	1
624	192	662	204	28	1
2543568486_3eb9100926_3175_34698905@N00.jpg
646	112	684	104	28	2
520	226	560	230	28	1
244	228	280	230	51	2
420	286	452	282	51	1
2555929189_3f794c6a2d_3040_26773236@N07.jpg
194	138	240	140	28	2
654	140	696	132	28	2
444	184	486	182	28	1
854	198	894	204	10	2
2555930319_74f1d9fa08_3068_26773236@N07.jpg
488	318	528	314	28	2
274	304	312	314	28	2
488	160	524	148	10	2
696	273	739	254	28	2
2566813454_f079562d67_3082_22725038@N00.jpg
268	122	318	130	28	2
434	164	474	168	28	2
618	198	652	200	28	2
764	212	796	214	28	2
2568419802_aea298e1e6_3034_14682886@N00.jpg
223	131	257	130	28	2
59	133	84	136	16	2
429	163	455	166	28	2
2569953246_f6639b018f_3098_21629300@N04.jpg
231	69	242	66	28	1
286	54	297	55	51	1
125	47	136	47	28	1
72	40	83	40	28	2
189	36	201	35	51	2
352	67	365	67	75	1
390	58	403	55	75	2
2569955044_058cb6b12d_3024_21629300@N04.jpg
72	100	87	100	28	2
407	115	421	114	28	2
194	120	207	120	28	2
298	122	313	123	28	2
2578868592_0acde99f0d_3050_23498117@N05.jpg
227	71	238	69	28	2
332	75	341	71	28	2
143	95	153	97	28	2
195	76	205	77	28	2
2588221135_06ff2129ce_3028_49991366@N00.jpg
562	244	606	240	28	2
814	298	856	300	51	1
118	294	160	294	51	1
358	262	400	260	28	1
2588301247_cb9c0626ee_3106_49991366@N00.jpg
458	206	484	200	51	2
368	252	394	254	28	2
202	270	228	274	51	1
280	266	306	260	28	1
2599114853_73c77bd794_3099_78464085@N00.jpg
330	296	376	310	28	2
502	284	536	274	51	1
680	290	710	290	28	1
2599143313_cfc2870e01_3173_78464085@N00.jpg
204	280	260	276	51	2
630	314	690	302	51	1
2599984822_ff6608ae2e_3284_78464085@N00.jpg
566	262	598	262	28	2
306	384	332	380	28	1
2610323435_7457b77d01_3103_14682886@N00.jpg
233	91	259	94	28	1
67	90	92	93	28	1
375	110	396	110	28	1
19	87	38	89	28	1
460	101	482	103	28	1
2650901806_38efda871e_3248_8487941@N04.jpg
318	158	348	160	28	2
152	182	186	180	28	1
444	176	474	174	28	1
508734342_0fe4e219ef_192_56117563@N00.jpg
236	138	274	142	28	2
440	138	478	134	28	2
724	166	758	160	75	2
509681994_1dcf43fddf_231_16507268@N00.jpg
388	134	434	138	28	2
500	110	536	112	28	2
596	154	626	156	28	2
702	134	732	138	28	2
509700404_3cd0d2f3b3_213_16507268@N00.jpg
614	192	654	196	28	1
506	104	540	102	28	2
224	150	260	146	28	1
509701490_658b68ac9f_208_16507268@N00.jpg
820	174	844	174	28	2
566	124	584	122	28	2
398	160	418	154	28	2
509720251_c29f965910_230_16507268@N00.jpg
502	198	518	198	28	2
618	222	634	222	75	1
330	226	344	226	51	1
424	228	438	228	28	1
263	187	280	193	75	2
723	230	740	230	75	2
509721673_ec8ddb996b_206_16507268@N00.jpg
584	126	620	122	28	2
412	198	444	200	28	1
728	200	760	196	75	1
292	135	325	151	75	2
523200103_0b2f3ece37_219_97655177@N00.jpg
158	77	175	75	28	2
92	86	108	84	28	1
283	99	299	98	28	1
370	72	390	69	28	2
539565146_7494245de2_1096_8802058@N06.jpg
141	69	151	68	75	1
277	29	286	29	28	2
103	52	113	52	51	1
208	47	218	49	28	1
330	38	342	37	51	2
539736000_afb8a32b52_1042_39471939@N00.jpg
298	148	332	152	28	2
144	264	182	262	28	1
480	136	516	136	28	2
539736018_19739db1b0_1294_39471939@N00.jpg
356	144	384	142	28	2
520	202	546	202	28	2
252	226	278	224	28	1
566400549_ce77e08d05_1376_50664596@N00.jpg
622	218	650	220	28	1
288	162	316	166	75	2
426	186	452	184	75	1
731	129	754	119	28	2
607028693_064cec514e_1337_21318703@N00.jpg
227	113	238	116	28	2
278	150	288	149	28	2
380	122	389	120	28	2
607042017_70aa615e5d_1407_21318703@N00.jpg
182	91	201	98	28	2
264	139	284	140	28	2
341	145	360	143	28	2
607052249_d56d8ea521_1292_21318703@N00.jpg
264	85	283	84	28	2
119	107	137	106	75	2
364	131	381	131	75	1
632386964_be3a13193c_1195_7270289@N02.jpg
231	174	242	173	28	1
130	159	142	160	28	2
705204094_8da1bcf6b9_1103_16696972@N00.jpg
822	374	876	374	28	2
62	326	124	312	28	1
268	284	320	294	28	2
752278760_bee883ce7c_1439_73224992@N00.jpg
532	256	576	262	28	1
476	230	512	234	28	2
874585567_4768edf45e_1005_10179259@N00.jpg
156	214	198	218	28	2
414	248	454	250	75	2
572	366	610	360	75	1
242	314	276	312	28	1
875511204_5971722c69_1142_10179259@N00.jpg
716	338	786	330	75	2
532	310	598	316	75	1
368	354	432	352	28	1
234	208	303	223	28	2
875589432_ea53ebc27f_1337_10179259@N00.jpg
176	222	228	222	28	2
404	246	446	246	28	1
560	206	602	202	28	1
680	143	727	123	28	2
876476160_13e2602c24_1153_10179259@N00.jpg
196	222	234	226	28	1
326	236	360	238	28	2
448	224	478	218	28	1
694	204	726	204	28	1
102	156	144	174	28	2
515	191	545	185	28	2
805	201	836	183	28	2
895	196	926	183	28	1
900648723_9bd46565b5_1240_8584264@N02.jpg
444	252	472	240	28	1
460	98	490	100	28	1
606	186	632	180	28	1
900652349_5edd3b59f1_1355_8584264@N02.jpg
458	276	492	262	28	1
418	128	448	124	28	1
678	198	710	204	28	1
332	208	356	212	28	1
585	186	614	171	28	1
900654657_f5d65d4fa3_1213_8584264@N02.jpg
444	306	484	300	28	1
402	126	436	128	28	1
556	200	592	194	28	1
648	220	672	220	28	1
900656527_71271fd0d2_1407_8584264@N02.jpg
522	312	560	308	28	2
700	294	732	292	28	1
600	290	628	286	28	1
380	198	408	194	28	1
900669905_a8e4a61e09_1229_8584264@N02.jpg
578	266	610	258	28	2
456	298	484	292	28	2
516	182	544	184	28	2
788	238	816	236	28	2
341	145	373	158	28	2
900677421_81633c6c61_1138_8584264@N02.jpg
432	330	470	330	28	1
692	254	724	252	28	2
352	202	380	208	28	2
479	266	511	259	28	2
900698421_f9361d2361_1340_8584264@N02.jpg
432	192	472	188	28	1
748	396	786	400	5	1
166	442	200	440	5	1
900720929_996eb4de89_1119_8584264@N02.jpg
248	220	292	216	28	1
458	228	506	228	28	1
702	224	744	226	28	1
598	432	634	432	1	1
900748437_27ea2a6ba1_1057_8584264@N02.jpg
730	234	764	234	51	2
524	222	558	216	28	2
386	298	422	296	28	1
237	305	273	314	51	1
900759439_86f8132ba5_1066_8584264@N02.jpg
424	210	458	214	28	2
798	216	830	214	51	2
234	290	270	286	51	1
568	214	600	210	28	2
900789717_fa494cb27f_1373_8584264@N02.jpg
300	226	328	224	28	2
400	276	426	274	28	1
668	226	692	222	28	2
582	260	608	260	28	1
900832483_cf64b27748_1004_8584264@N02.jpg
754	120	790	116	51	2
386	184	420	184	51	1
246	252	282	250	28	1
568	158	602	164	51	1
900848759_4e9df83b72_1079_8584264@N02.jpg
194	242	228	244	28	2
788	178	820	176	51	2
264	316	298	308	28	1
622	217	657	221	51	1
901463760_77447d6f65_1082_8584264@N02.jpg
690	192	714	194	28	2
798	218	824	214	28	2
828	128	848	128	28	2
116	194	138	192	28	1
434	306	457	300	28	1
558	256	585	242	28	2
607	146	631	148	28	2
287	221	310	214	28	1
373	205	389	187	51	1
901496264_c9e3ef3af3_1233_8584264@N02.jpg
468	278	500	270	28	1
486	124	516	126	28	1
632	212	658	206	28	1
901562830_6e5e934e44_1320_8584264@N02.jpg
372	166	414	164	28	1
852	438	890	436	10	2
104	298	136	300	5	2
658	368	690	370	5	2
901573590_e232f54f41_1190_8584264@N02.jpg
248	220	292	216	28	1
700	224	744	224	51	1
458	228	506	228	28	1
598	432	634	432	1	1
901592094_664abfb01c_1278_8584264@N02.jpg
682	226	718	224	51	2
518	210	556	210	28	2
344	318	378	316	51	1
901600822_52d221cf19_1367_8584264@N02.jpg
732	232	766	232	51	2
524	222	558	216	28	2
386	298	420	296	28	1
237	303	271	312	51	1
901612048_51ae0c5e62_1394_8584264@N02.jpg
220	286	256	284	51	1
784	222	816	220	51	2
402	204	438	208	28	2
558	216	592	212	28	2
901686292_33b90667f6_1200_8584264@N02.jpg
618	210	644	208	51	2
386	252	416	252	28	2
500	252	526	256	51	1
901691164_6c8372fd37_1046_8584264@N02.jpg
380	290	406	288	28	1
476	242	502	244	51	1
604	224	628	228	51	1
731	197	761	194	51	2
901693244_ddae7f3e87_1417_8584264@N02.jpg
536	186	568	190	51	1
348	214	380	212	51	1
266	274	300	276	28	1
727	144	765	141	51	2
901694908_f2e15382a4_1378_8584264@N02.jpg
418	260	440	258	51	1
360	300	384	302	28	1
550	240	572	242	51	1
684	208	708	206	51	2
913072402_234fb887be_1336_83371770@N00.jpg
242	115	254	116	28	1
83	127	95	124	28	1
339	104	351	104	28	1
