1022547010_caafdb9993_1277_11010857@N03.jpg
752	412	768	410	51	2
460	444	472	444	10	2
125	364	142	368	51	2
102	336	113	335	51	1
158	253	170	255	51	2
238	250	249	250	51	2
317	250	328	252	51	2
376	256	385	256	28	2
407	253	416	254	28	2
238	351	250	350	75	1
343	431	356	430	16	1
378	364	387	364	28	1
460	349	470	344	51	1
467	270	478	270	51	1
513	281	522	281	51	1
549	274	559	276	28	2
620	288	631	289	16	2
643	255	652	255	28	2
697	265	707	265	51	2
752	277	763	279	51	1
819	273	829	273	51	1
898	268	910	268	51	1
902	381	915	383	75	1
745	355	756	355	75	2
684	407	696	407	28	1
612	465	624	464	5	2
578	368	589	367	75	1
547	455	558	455	10	2
500	437	511	437	5	2
392	453	404	451	10	1
1022861429_e74b96d2cc_1123_8139491@N03.jpg
298	198	310	195	28	1
351	108	364	110	28	1
195	125	205	139	28	2
231	144	238	154	28	1
235	185	243	192	28	1
256	195	267	190	28	1
370	174	384	183	28	1
1028722345_f0d0fc2aaa_1024_29814666@N00.jpg
438	386	466	386	28	1
168	165	189	168	28	2
405	247	423	247	28	2
728	317	758	308	28	1
839	217	871	207	28	2
1031480502_6965ddf938_1276_31391002@N00.jpg
864	142	940	130	28	2
654	240	714	244	28	2
456	458	518	394	28	2
501	159	546	148	28	2
1031605937_c82f4c3b2f_1034_45882256@N00.jpg
734	350	762	346	28	1
628	362	650	362	28	1
229	270	261	273	28	1
324	265	349	278	28	1
416	277	453	278	28	2
522	349	549	348	28	2
1031994447_0e49d8bc6c_1331_79546572@N00.jpg
386	232	404	236	28	2
484	260	502	262	28	1
258	290	278	290	75	2
610	282	630	282	75	1
1033352027_b42645b4f6_1394_51035780361@N01.jpg
84	115	119	114	16	2
220	150	258	153	16	2
1033401878_4649597743_1251_21632841@N00.jpg
313	181	323	178	28	2
182	209	191	209	28	1
114	235	126	236	28	2
258	196	269	194	28	1
1038878448_07c1d14225_1223_95029059@N00.jpg
520	246	538	246	28	1
638	276	654	276	75	2
304	299	318	297	75	1
401	340	417	338	75	1
1043472312_7864533c8d_1208_7254887@N02.jpg
492	256	510	254	28	2
396	296	412	296	28	2
161	559	183	554	28	1
114	262	135	262	28	2
182	259	202	265	28	1
273	263	291	264	28	2
560	270	579	270	28	1
681	279	696	278	28	2
801	272	818	272	28	2
918	298	932	297	28	1
1044928877_d6e20450ba_1186_7439788@N07.jpg
154	140	168	143	28	1
220	156	233	155	28	1
277	122	289	118	28	2
343	144	360	143	28	2
1045762365_b13f7eb0a0_1271_41432413@N00.jpg
244	432	376	414	28	2
836	258	908	258	28	2
1045763343_d4d1a40182_1421_41432413@N00.jpg
256	380	374	368	28	2
558	278	624	272	28	2
1050010039_fe76a9e2ab_1406_25612713@N00.jpg
182	358	246	364	28	1
376	218	442	228	28	2
686	347	763	371	28	1
1057023681_96f5791804_1391_86204735@N00.jpg
584	198	634	194	28	2
458	242	494	240	28	1
327	254	362	239	28	1
1057280734_ecb6bbb202_1166_74714402@N00.jpg
608	170	626	170	28	2
688	214	708	210	28	2
382	187	399	191	28	2
436	210	455	212	28	2
515	221	535	222	28	2
1057882036_7fb6f54f97_1005_86204735@N00.jpg
360	180	392	182	28	1
456	146	482	142	28	1
284	176	318	164	28	1
639	154	671	155	28	2
1058182672_e1254755ca_1400_91035532@N00.jpg
356	182	406	174	28	2
276	28	312	36	28	2
199	207	237	227	28	2
530	276	554	247	28	1
694	207	727	187	28	2
1062963439_e5c11d0b70_1351_8586058@N07.jpg
100	126	134	132	28	2
492	182	522	178	28	2
226	186	258	186	28	2
654	212	684	208	28	2
895	145	926	143	28	2
1063617606_9c117f1c56_1061_71205414@N00.jpg
197	93	204	93	28	2
320	106	327	105	51	2
239	113	247	111	28	1
284	119	290	119	51	1
1065884720_cb4f70f2a6_1254_54378690@N00.jpg
98	49	118	42	28	2
257	16	275	17	28	2
1067339906_c405bad6c8_1271_21762788@N00.jpg
472	438	518	428	28	1
610	250	658	248	28	2
522	156	562	162	28	2
317	353	352	334	28	1
1067820142_bc1cdb60bf_1252_31865085@N00.jpg
848	200	878	194	28	2
262	320	286	320	28	1
1071956625_f63a39535a_1340_83328726@N00.jpg
858	84	878	82	28	2
744	134	760	132	28	1
130	153	149	153	28	1
196	193	213	188	5	2
314	121	325	120	1	1
350	128	369	125	28	1
458	156	471	155	1	1
492	150	506	149	28	1
595	147	613	150	28	1
664	164	677	163	1	2
780	146	792	140	1	1
1072450124_e185b62500_1060_51678179@N00.jpg
282	207	299	203	28	1
441	154	454	155	28	1
27	184	42	188	28	1
127	110	142	108	28	1
1073221977_0ecc0bd90d_1105_11246810@N06.jpg
139	143	155	144	28	1
213	139	227	139	28	2
1073647664_ec295cb3aa_1296_84829625@N00.jpg
73	115	100	116	28	1
171	85	197	87	28	2
304	78	329	72	28	2
1083049819_64d6d906ba_1366_28985092@N00.jpg
196	250	284	238	5	2
516	254	576	248	5	2
386	186	449	204	5	2
819	522	884	567	5	2
1084444558_f06dc59fe2_1097_90678392@N00.jpg
808	308	828	308	28	2
586	324	602	322	28	2
645	334	670	335	28	1
424	323	443	323	28	1
207	345	233	349	28	2
270	313	288	317	28	2
1084501650_f3bbc5a20e_1394_82386297@N00.jpg
542	224	564	226	51	1
632	284	650	280	16	2
443	172	464	181	51	1
601	184	621	186	51	2
734	229	758	229	51	2
1084964866_488dae82d4_1184_27878853@N00.jpg
380	510	486	486	16	1
564	480	664	470	16	1
641	298	712	208	51	2
1090702787_cad8e65681_1248_62022846@N00.jpg
716	188	756	184	51	2
396	108	420	110	51	2
387	230	425	244	51	2
527	177	552	176	51	1
649	137	673	127	28	2
1091198827_06ffb074da_1337_46869143@N00.jpg
258	158	281	159	51	2
308	109	326	109	51	1
363	169	383	164	28	2
408	185	433	177	28	1
141	197	161	208	28	1
90	178	111	195	51	2
1096696406_ac92807c06_1127_33408851@N00.jpg
236	696	252	696	51	2
496	738	514	738	51	1
273	749	290	740	51	1
429	720	446	714	51	2
1097624256_f9d1af47a4_1116_65866458@N00.jpg
155	190	212	194	28	2
283	84	324	84	28	1
1097625004_703f1d6766_1422_65866458@N00.jpg
139	58	194	51	28	2
205	169	258	171	28	1
1098066085_0030c9ba3c_1238_36216968@N00.jpg
648	206	666	212	28	1
168	206	186	202	51	1
1108258560_ddb96e5d3a_1377_18169361@N00.jpg
720	294	828	272	16	1
445	278	549	328	16	1
189	275	281	344	16	1
1111499448_d282a70298_1238_25017746@N00.jpg
178	114	186	115	51	1
359	123	367	123	51	1
119	116	129	116	51	2
241	111	253	111	75	2
299	122	308	122	51	1
410	122	418	122	75	2
1118190330_45b0e0e86c_1308_86009091@N00.jpg
229	150	252	150	51	1
184	90	203	92	51	2
300	105	317	110	51	1
125	192	144	209	51	1
1122751718_159a7a0b71_1021_13362116@N00.jpg
582	256	624	256	28	1
422	156	470	158	28	1
297	116	338	133	28	2
1125601219_3157554be6_1197_97232715@N00.jpg
191	150	207	148	51	2
63	169	79	167	51	2
327	116	348	108	51	2
1131198609_1217601acb_1258_69869047@N00.jpg
112	122	141	125	28	2
254	165	281	173	28	1
187	195	204	221	28	1
305	174	333	169	28	1
1131994075_22e7d73514_1098_35726120@N00.jpg
312	300	332	300	28	2
440	318	458	312	28	1
533	262	549	266	28	2
595	341	615	343	28	1
700	279	717	281	28	2
824	325	838	325	28	1
1135224651_6477920b37_1426_16499435@N00.jpg
289	113	303	115	16	2
97	83	116	84	16	2
217	95	232	94	16	2
331	117	346	116	16	2
1137619119_8629d5bff3_1058_72647349@N00.jpg
754	302	780	308	28	2
550	192	572	194	28	2
368	265	393	267	28	1
1138531257_cab4233b27_1152_31056939@N00.jpg
282	194	320	196	5	2
702	300	732	296	5	1
1141258774_24a01c13b0_1172_11589796@N06.jpg
197	163	204	163	28	2
151	190	159	189	28	1
224	192	233	194	51	1
1142818070_0708b6ea0b_1372_8518964@N06.jpg
141	135	158	139	28	1
220	147	235	148	5	1
179	150	195	151	16	1
247	135	262	135	16	1
206	97	224	99	28	2
1143573545_d9f3fa23c5_1106_74501548@N00.jpg
276	286	322	292	28	2
666	322	706	324	28	2
493	221	535	230	28	2
758	214	786	208	28	2
1145137557_6c45204e51_1084_7548518@N05.jpg
154	180	174	180	51	1
598	170	618	172	51	1
246	154	265	155	51	1
379	154	399	157	51	2
496	146	513	152	51	1
700	177	722	177	28	1
851	153	871	146	75	2
1147144630_c0d05994f6_1369_8449448@N08.jpg
670	104	710	106	28	2
514	180	546	188	28	2
600	341	641	330	28	2
1150968461_2f4d473d09_1388_63169529@N00.jpg
652	252	670	254	28	2
496	296	512	296	28	1
356	239	375	245	28	1
1156902470_c094498348_1216_41432413@N00.jpg
242	202	296	204	28	2
606	172	652	178	28	2
1160997461_39ec185cac_1309_11096180@N07.jpg
240	191	266	193	28	1
270	193	294	195	28	1
1161532093_e114ff66d4_1043_11531170@N04.jpg
343	140	399	129	5	1
101	197	163	195	5	1
217	125	282	106	28	2
1166360298_61667cb8f4_1075_9527052@N03.jpg
412	170	476	180	28	2
178	252	224	260	28	1
583	366	631	341	28	1
723	356	790	323	28	2
1176946783_3deac08d2f_1177_31589501@N00.jpg
237	173	245	174	16	1
403	186	412	184	16	1
78	184	87	183	16	1
95	161	104	159	28	2
185	141	195	141	28	2
288	183	297	183	16	1
364	191	374	191	16	1
1177610375_b086ce35a8_1169_7736030@N03.jpg
204	210	218	210	51	2
780	236	792	232	51	2
332	256	345	254	28	1
386	251	398	251	51	1
493	252	506	252	51	1
569	244	580	244	51	1
588	213	597	212	51	2
643	256	656	254	51	1
689	253	699	253	51	2
1180708356_aae612d617_1147_8193068@N04.jpg
594	456	612	454	28	1
462	298	476	298	28	1
548	302	566	302	28	1
613	307	626	307	28	1
395	248	412	251	28	2
328	421	345	421	28	2
394	455	413	454	28	2
500	441	517	441	28	2
1185220202_6174164150_1250_74028753@N00.jpg
322	142	494	150	16	1
592	212	726	218	16	1
771	429	883	437	16	1
1188380984_52dff09371_1393_35237092727@N01.jpg
488	238	550	240	51	2
848	320	900	316	51	1
227	221	304	258	28	2
1194771744_405e73d613_1142_76254758@N00.jpg
880	182	914	178	51	2
506	224	542	226	51	1
85	190	122	191	28	1
264	211	302	210	51	1
663	171	702	170	28	2
1195959665_02319912e3_1113_76402263@N00.jpg
304	146	315	144	28	2
161	98	172	102	28	1
262	138	272	142	28	1
1196128083_e5628efa82_1051_8782085@N04.jpg
386	195	398	192	28	1
218	243	229	244	28	2
138	211	149	217	51	2
177	240	189	243	51	1
289	156	297	154	28	1
309	243	320	239	28	1
336	215	347	211	51	2
226	197	235	199	28	1
1199752928_b83e5f4e1e_1143_10189430@N02.jpg
261	125	272	124	28	1
399	89	409	88	28	1
320	90	325	90	28	1
1205068729_dddf3fa026_1315_10607638@N04.jpg
49	165	65	167	28	1
324	194	341	192	28	1
118	193	130	199	28	2
269	199	281	196	28	2
1207521343_27a83e957d_1221_76456155@N00.jpg
159	99	168	100	75	2
314	113	322	112	75	1
97	93	106	93	75	2
236	98	246	96	75	2
372	101	382	102	75	2
1210248573_2be91206c7_1405_11929426@N07.jpg
422	192	466	200	28	2
654	170	688	170	28	2
313	217	347	244	28	2
597	245	643	252	51	2
1212190797_36d7702f78_1091_96892173@N00.jpg
328	338	346	338	28	2
434	362	452	360	28	2
572	350	588	349	28	2
1223813849_078ee5f4ee_1115_88886270@N00.jpg
274	170	302	166	28	1
628	186	652	184	28	1
392	174	417	182	28	1
452	117	475	125	28	2
512	190	532	195	28	1
733	187	753	190	28	1
835	174	857	181	28	2
1224530906_dcd86f56e8_1134_20614944@N00.jpg
746	272	796	272	16	1
492	292	526	274	16	1
623	167	659	152	16	2
420	300	438	277	16	2
1226261035_69b1cbb356_1028_25896208@N00.jpg
68	190	120	182	28	2
494	332	544	332	28	2
342	349	395	389	28	2
605	322	652	300	28	2
691	281	751	257	28	2
1227613957_6131465aca_1115_86079728@N00.jpg
150	338	204	344	28	1
920	318	980	306	28	1
1235724619_c91f23e938_1005_8504677@N08.jpg
146	89	159	90	51	2
232	219	244	219	51	1
247	117	262	117	51	2
351	76	367	75	51	2
1240742493_58ff539cc3_1283_12192126@N04.jpg
119	94	135	97	51	2
175	110	191	108	51	1
246	87	262	81	51	2
345	117	358	112	51	1
1242079213_3b58b3a5c5_1266_90634971@N00.jpg
768	164	788	162	51	2
548	182	564	180	51	2
877	171	902	173	51	2
204	256	230	253	51	2
346	229	364	229	51	2
1247033716_361f0d6f0f_1029_10663661@N00.jpg
434	308	462	306	16	2
614	300	630	304	16	2
386	186	412	200	16	2
514	229	539	236	16	2
1253286206_bc80251fde_1195_41432413@N00.jpg
592	386	668	382	28	2
328	338	358	336	28	2
1253446592_5538335020_1438_41432413@N00.jpg
260	248	300	258	28	2
518	318	558	314	28	2
1259431459_cf332211d3_1341_90401367@N00.jpg
788	144	852	158	51	1
242	214	300	224	51	1
426	328	466	311	16	1
1262562558_a9068370f4_1017_12851749@N00.jpg
454	330	492	334	28	1
604	338	640	332	28	2
274	233	316	236	28	2
746	348	784	341	28	1
1268171416_01a5abfa12_1138_7888964@N03.jpg
266	135	279	135	51	2
182	171	192	168	51	1
218	174	229	172	51	1
319	120	332	115	51	2
1270259091_e5b661f1e6_1148_12287162@N04.jpg
260	120	288	116	28	1
377	129	413	126	28	1
311	262	343	288	28	1
1273163200_b1ae1fbada_1221_7662092@N03.jpg
356	128	375	126	28	2
200	157	218	162	28	1
136	134	150	143	28	1
239	96	257	95	28	2
1278187015_9b105cc51c_1130_90401367@N00.jpg
714	196	756	198	28	1
576	244	622	250	16	1
340	157	390	178	28	2
1279408687_3cb4767e1f_1180_10475870@N08.jpg
924	236	944	236	28	2
456	260	470	262	51	2
332	254	348	254	51	2
512	225	526	225	51	2
671	197	686	195	28	2
813	199	826	200	51	2
1281215243_326422129e_1145_8531235@N07.jpg
175	67	189	68	51	1
104	172	115	174	10	2
77	84	91	89	51	1
1288662858_423552062e_1392_11018968@N00.jpg
860	198	894	206	51	1
356	590	396	594	5	1
486	210	523	205	28	1
639	349	684	355	16	1
897	352	933	359	10	1
183	385	214	372	10	1
1289858587_200569fae2_1318_42909337@N00.jpg
264	147	274	148	75	1
385	140	394	139	28	2
75	148	85	148	28	2
149	150	160	150	28	2
321	140	331	139	51	1
440	145	449	145	75	1
1292802331_40699ed0b3_1118_41432413@N00.jpg
840	334	878	328	28	2
332	302	362	306	28	2
1301661939_ec3bdef5b4_1117_87443546@N00.jpg
650	246	710	256	10	2
314	366	378	364	10	1
448	309	501	282	16	1
1302122474_dfe3fa5636_1313_41432413@N00.jpg
272	180	310	182	28	2
488	234	520	232	28	2
1303764349_729dd382b6_1093_78439619@N00.jpg
262	170	272	169	28	1
222	168	231	167	28	1
106	169	115	169	75	1
164	157	174	155	75	2
1304657651_ed18fb616c_1133_12017034@N07.jpg
428	408	500	400	16	1
564	386	632	396	16	1
125	518	214	543	16	1
299	394	368	376	16	1
723	355	785	327	16	1
1305744585_1960394114_1082_35034353879@N01.jpg
233	161	258	152	28	2
139	192	164	195	28	1
289	188	308	178	28	1
1309550072_2918e8e018_1438_69984840@N00.jpg
572	290	592	298	28	2
654	284	672	288	28	1
472	296	490	310	28	2
721	308	742	305	28	1
1312406269_73d1424833_1315_33302529@N00.jpg
375	125	392	123	51	2
213	202	231	201	51	1
182	162	197	173	75	2
1313081926_84a87da1e3_1121_8344240@N06.jpg
120	100	128	100	51	2
308	120	316	120	51	1
179	121	189	122	51	1
247	138	256	138	28	1
356	105	364	105	51	2
1313463605_8c3201af0c_1265_18998481@N00.jpg
305	165	317	163	51	1
414	172	423	171	1	1
87	118	103	116	28	2
144	137	156	137	28	1
135	185	144	183	1	1
246	127	260	123	75	2
365	158	378	157	28	1
1314380328_37f1eb743e_1037_41487761@N00.jpg
830	118	862	118	16	2
474	166	502	164	51	1
398	287	430	276	16	1
1316248145_d10f2b6ebc_1062_49082678@N00.jpg
322	235	330	236	28	2
202	241	209	242	28	1
180	152	189	152	28	2
217	194	224	193	51	1
236	249	243	246	28	2
278	189	285	190	28	1
319	173	325	173	28	2
152	235	159	238	28	2
1317593393_527ab691d5_1148_27239794@N00.jpg
168	129	175	129	28	1
251	112	258	111	28	2
87	87	95	90	28	2
318	132	325	130	28	1
1317962668_3bdb886369_1374_31562668@N00.jpg
530	412	560	410	51	2
628	334	652	338	28	1
287	326	310	334	28	2
349	434	379	436	51	1
457	339	482	340	28	2
703	419	737	426	51	1
733	331	758	319	51	2
1320224382_ebc1f07f1a_1160_11546450@N04.jpg
424	210	476	202	28	1
216	156	254	160	28	2
1321740934_e183f62d34_1374_44805632@N00.jpg
760	344	804	340	51	2
236	446	276	450	28	1
493	466	528	480	51	1
1322517054_16f145adf9_1375_91636555@N00.jpg
576	224	608	218	28	1
404	212	438	206	28	1
311	309	347	296	28	2
491	124	513	107	28	2
1327006521_b3337ab4c5_1213_34059933@N00.jpg
420	268	444	270	51	2
634	386	662	386	28	1
245	268	271	273	28	2
722	296	750	294	28	1
1327244148_2311bb870e_1098_45817842@N00.jpg
804	236	880	252	28	1
582	410	640	414	1	2
264	308	332	339	28	1
410	311	490	309	51	1
1330370638_7919763833_1328_10756240@N00.jpg
496	472	584	438	28	1
404	192	490	192	51	2
676	296	763	261	28	2
1333597722_3ae20f0d50_1129_65798164@N00.jpg
574	270	590	274	51	2
218	322	238	322	28	1
356	282	376	287	51	2
441	291	456	287	51	2
677	254	696	256	28	2
1337724354_a970dd1f82_1045_9821198@N07.jpg
226	93	257	95	28	2
112	186	138	190	28	1
371	109	399	103	51	2
1341456511_ef32d239e8_1192_88051957@N00.jpg
484	444	500	446	28	1
668	300	682	300	28	1
217	455	233	458	28	1
312	489	326	490	28	1
402	501	417	501	10	2
229	298	241	298	51	2
304	298	319	296	28	2
344	287	357	287	28	2
382	289	395	289	28	2
415	301	427	300	28	1
461	306	475	306	28	1
466	271	480	278	28	2
528	322	541	322	51	1
546	293	560	297	28	2
596	307	611	306	28	1
623	366	634	364	28	1
742	304	757	300	51	2
1343378517_4808ab726c_1040_84614461@N00.jpg
638	202	682	208	28	2
832	304	874	310	28	1
740	310	780	321	28	2
504	264	548	284	28	2
246	353	309	365	28	2
1343940291_4764556462_1108_9878347@N06.jpg
712	238	734	236	28	1
184	236	206	234	28	2
516	201	535	214	28	2
1347171349_4b88a90443_1281_62201888@N00.jpg
106	474	168	472	5	1
488	384	530	402	5	1
476	686	520	699	1	2
1350761798_2323d95cbc_1083_82057796@N00.jpg
376	30	418	24	28	2
132	76	169	85	28	2
214	212	240	197	28	1
1350976804_68c273d805_1319_77342868@N00.jpg
232	209	240	206	28	2
151	188	161	189	28	2
127	218	136	220	28	2
269	220	278	220	28	1
1352108195_17de6e6fbf_1127_41351518@N00.jpg
112	87	131	86	28	2
174	100	191	106	28	1
1352966163_c9e0fe3fa9_1379_12766047@N06.jpg
772	300	810	292	28	1
178	312	206	318	28	1
297	177	330	174	28	2
802	210	835	204	28	2
1355495083_63b07f37fb_1088_82384303@N00.jpg
253	132	278	129	28	1
411	145	435	146	28	1
155	126	174	138	28	1
1356306710_fcbb9d04bf_1109_55448160@N00.jpg
356	107	390	108	28	1
277	117	310	118	28	1
1356540178_1394d85a3c_1440_66913158@N00.jpg
66	446	98	450	5	1
578	552	606	546	5	1
1361739645_c0b2e0e7ba_1143_85912750@N00.jpg
736	362	780	368	28	1
380	270	422	270	28	1
569	340	611	330	28	1
1362231797_c9c1818221_1219_30745188@N00.jpg
200	156	258	166	28	2
634	152	670	162	28	2
453	203	498	223	28	1
532	268	577	268	28	1
1363897812_797a21eb66_1030_24904115@N00.jpg
122	326	136	326	28	2
648	306	660	306	28	2
195	305	210	306	28	2
264	316	276	316	28	2
342	330	356	330	28	1
384	315	398	317	28	2
452	358	463	358	28	1
473	318	486	319	28	2
513	313	524	313	28	2
551	345	563	344	28	1
605	324	616	325	28	1
706	340	719	340	28	1
741	302	753	300	28	2
765	342	778	342	28	1
842	323	854	321	28	2
1364326043_3c8ff056ed_1358_45864896@N00.jpg
129	119	141	117	28	2
250	135	263	135	28	1
1367604108_dc7ebbd69d_1146_43625496@N00.jpg
335	95	343	95	75	2
270	106	279	106	28	1
1372183387_59d2b076b8_1263_83102125@N00.jpg
197	160	209	159	28	2
265	168	274	168	28	1
225	160	235	162	28	1
286	157	296	157	28	2
1377292094_ef0818ae59_1138_65974463@N00.jpg
197	133	204	135	16	2
277	185	283	185	5	2
129	142	138	142	51	2
195	40	202	41	51	2
231	68	239	65	51	1
270	70	277	71	51	1
314	61	322	60	51	2
228	148	236	152	28	2
323	156	330	157	28	1
360	174	369	175	10	2
401	162	409	162	10	2
1387990150_c83ad372c4_1065_63003888@N00.jpg
164	180	172	181	28	1
228	159	237	159	28	1
187	159	197	161	28	1
282	180	292	181	28	1
325	153	334	153	28	1
357	175	366	176	28	1
1389033743_a9562d1e3d_1063_37368141@N00.jpg
202	209	262	200	28	1
362	120	412	111	28	1
1390508760_a0ae96277c_1385_10139179@N02.jpg
413	160	431	156	28	1
135	127	153	129	28	2
323	132	339	127	28	1
1391829765_7dcf6f543c_1250_82556680@N00.jpg
644	300	668	304	28	1
518	322	536	320	28	1
441	156	464	163	28	2
569	376	590	378	5	2
1392837543_485e90b754_1125_13648898@N08.jpg
206	144	218	145	16	1
71	101	80	99	16	2
241	136	259	130	16	1
303	158	324	157	28	1
363	164	386	163	51	2
178	114	191	112	51	2
1394195295_2f34a745bc_1250_46293095@N00.jpg
280	376	310	374	1	1
518	150	546	148	1	2
1398168661_bbfe1469f7_1233_7848222@N05.jpg
44	490	152	504	16	1
352	436	450	436	16	1
497	299	582	268	16	1
723	285	844	219	16	2
1412907341_5f58c9d62d_1409_13891429@N02.jpg
612	460	654	456	28	1
442	432	486	430	28	1
358	347	402	351	28	2
1413811112_1e347394bd_1246_13891429@N02.jpg
468	204	518	200	28	2
298	236	346	236	28	2
571	408	612	416	28	1
1414665030_cd8df19ffe_1243_8559838@N03.jpg
610	424	622	424	28	1
462	450	474	450	28	1
344	402	357	402	28	1
413	416	428	418	28	2
469	352	485	352	28	2
524	429	538	429	28	1
578	370	589	373	28	2
645	369	657	369	28	2
673	395	685	398	28	2
1417267965_5e8854b693_1200_42909337@N00.jpg
220	109	231	111	75	1
343	96	354	95	75	1
119	102	132	102	75	2
283	98	298	98	75	1
1421523461_4ba92a3e91_1033_22427220@N00.jpg
812	70	856	62	75	1
630	88	668	76	51	2
203	80	242	86	75	2
491	84	528	86	75	1
1422430406_9c00ca02e1_1132_22427220@N00.jpg
186	170	224	170	51	2
616	126	646	122	51	2
440	140	475	147	51	1
833	177	874	180	51	1
1423698095_1084abeb98_1437_13447091@N00.jpg
201	76	223	73	28	2
145	98	165	100	1	2
304	91	323	83	51	1
1428581401_4446b46dc3_1160_14912328@N00.jpg
336	146	382	143	28	2
271	218	313	223	28	1
1438356135_8dcfc153f5_1358_26936606@N00.jpg
418	342	440	344	28	2
698	424	722	424	28	1
555	391	580	391	28	1
1447553379_2b4105ac30_1438_11406501@N08.jpg
332	244	356	244	28	2
682	242	704	246	28	1
272	227	288	230	28	1
434	190	454	190	28	2
560	227	582	227	28	2
631	212	650	206	28	2
1447923815_6d65f35be4_1077_14146948@N06.jpg
218	166	235	163	51	1
174	204	192	203	5	1
248	219	265	216	5	2
319	124	336	122	51	2
1447940235_e11cab4ab6_1311_14146948@N06.jpg
339	166	378	164	28	1
244	206	275	212	28	1
1448810312_deca21a194_1221_14146948@N06.jpg
271	181	336	185	28	2
131	221	198	208	28	1
1448869233_db0c260f2e_1408_8383504@N04.jpg
324	143	343	143	51	2
161	150	183	150	51	2
249	153	267	153	51	1
1450980086_56ec6ac4a3_1023_14253903@N03.jpg
650	182	688	188	10	2
100	138	142	136	10	2
320	455	382	446	10	2
818	514	883	509	10	2
1452236716_71e9d5d289_1097_57665635@N00.jpg
176	580	280	590	51	2
524	696	638	682	51	1
1452741058_7edd2e3c5a_1144_63083803@N00.jpg
478	328	510	326	51	2
944	340	974	338	51	1
1458105627_17a519109e_1005_14279702@N05.jpg
187	113	198	111	28	1
305	106	317	105	28	2
132	117	143	117	28	1
249	113	263	111	28	1
372	107	383	103	28	2
1460098967_3fff6ac63f_1102_70555165@N00.jpg
238	167	268	167	28	1
98	130	124	135	28	1
159	147	190	149	28	1
1460396221_d07bbacb97_1381_13167660@N03.jpg
486	120	536	122	28	2
580	216	624	216	28	1
404	136	440	153	28	1
1461036124_9043f3738c_1249_14337669@N06.jpg
392	436	408	436	28	1
540	466	558	468	28	2
440	476	458	479	28	2
588	438	603	438	28	1
1462437229_039f8e104b_1138_8401159@N04.jpg
374	184	406	182	28	2
148	212	178	214	28	2
542	200	575	191	28	2
738	245	776	233	28	1
1462478529_2c07fdb73a_1320_8401159@N04.jpg
722	208	738	206	28	2
494	210	510	210	28	2
604	189	621	190	51	2
798	240	813	235	28	1
1463408307_76a1a49f92_1231_95105743@N00.jpg
818	298	854	294	28	2
520	302	556	298	28	2
171	305	205	312	28	1
345	310	377	306	28	1
1464050412_bee98f9527_1098_8058850@N04.jpg
470	192	518	190	28	2
496	504	542	512	28	1
244	195	292	199	28	2
701	220	748	197	28	2
1467570885_c35ce646ae_1257_13940813@N02.jpg
594	292	622	288	28	2
696	280	720	286	28	2
752	266	775	279	28	2
762	197	782	195	28	2
843	153	862	153	28	2
857	214	877	212	28	1
815	261	833	264	28	1
1468698924_bbf0520d7c_1041_18458541@N00.jpg
560	168	584	164	51	1
440	186	464	186	51	1
1471135538_751d256612_1339_67586024@N00.jpg
278	189	299	185	16	1
322	155	340	153	16	1
143	108	159	115	16	1
192	129	206	118	16	1
214	194	231	199	16	1
1472258393_3db5956a80_1152_67414451@N00.jpg
282	272	326	278	28	1
496	222	532	226	28	2
172	202	205	225	28	1
423	314	458	325	28	1
1477938212_6d054e421e_1346_7472297@N07.jpg
622	508	708	500	28	1
378	620	462	614	28	1
497	336	589	364	28	2
825	557	880	503	28	1
1478236495_5d5f55ff81_1432_34508886@N00.jpg
634	284	756	276	28	2
268	148	378	164	28	1
1480720596_764ed67f52_1434_7429660@N02.jpg
404	194	418	194	51	2
574	238	592	238	75	1
359	254	373	256	75	1
465	230	484	230	28	1
1480756368_5895ef1904_1216_7429660@N02.jpg
530	110	562	110	28	2
332	218	364	220	75	1
380	111	415	110	75	2
709	189	741	185	75	1
1481375263_6d6e8abd7e_1112_52689377@N00.jpg
562	502	588	500	28	2
406	131	429	135	28	2
520	138	544	143	28	2
636	130	657	135	51	1
772	128	801	128	28	2
337	536	363	534	28	2
229	126	253	128	28	2
1482073610_77f7e1c21e_1332_8587898@N06.jpg
396	115	413	114	51	2
216	151	230	149	51	1
97	141	114	142	51	2
161	103	180	103	75	2
299	121	313	120	51	2
1483067013_4198d08b35_1077_73905603@N00.jpg
688	206	722	206	28	1
570	202	594	204	28	1
1483077343_d91e7fadbe_1152_73905603@N00.jpg
612	474	628	476	28	1
324	444	338	444	28	1
427	449	443	451	28	1
642	452	657	452	28	1
820	477	836	475	28	1
1487694717_82886e6f74_1377_14279070@N05.jpg
209	114	221	114	51	2
306	112	316	113	51	2
99	122	110	123	51	2
397	125	407	124	51	2
1499000071_9ef9da2c56_2217_36916765@N00.jpg
345	165	356	164	5	2
274	154	283	153	5	1
96	74	106	72	28	1
1500058924_7910c1e772_2086_14528986@N04.jpg
279	200	312	201	51	2
76	129	97	128	28	2
378	157	395	152	51	2
1500534509_7476406b91_2036_41354869@N00.jpg
75	112	98	112	28	2
129	125	150	120	28	1
237	85	262	77	28	2
1502284982_4b61332d4c_2338_89985360@N00.jpg
350	87	360	86	51	2
287	103	297	104	28	1
77	93	86	93	28	2
126	75	136	76	51	2
161	101	169	102	28	1
238	85	248	87	51	2
1507590411_345483b673_2151_97665445@N00.jpg
93	113	106	114	28	1
247	150	261	147	28	1
1507908241_2b35705a33_2302_39541073@N00.jpg
382	141	392	141	51	1
305	151	313	151	28	1
98	150	108	150	28	1
147	127	157	129	51	2
201	129	210	130	51	2
222	156	231	155	28	1
265	136	275	136	28	2
343	159	352	159	28	1
1508002893_646153aeb5_2113_13146704@N07.jpg
572	248	622	246	16	2
360	148	416	148	10	1
1508033139_8979395fdf_2329_13146704@N07.jpg
326	194	390	198	51	1
864	232	930	226	51	1
1509294933_ef31417c5c_2009_45139959@N00.jpg
145	162	153	164	28	2
197	134	204	135	28	2
237	157	246	158	28	2
263	131	270	134	28	2
314	158	321	158	28	2
1510088220_6830287309_1001_13783817@N05.jpg
690	406	706	408	28	1
366	260	378	262	28	1
365	389	378	390	51	1
256	233	272	236	51	1
208	236	223	229	51	1
162	221	176	225	28	1
108	204	122	204	28	1
343	190	357	191	51	2
383	206	396	205	28	2
434	232	447	232	28	1
506	228	521	229	28	1
564	395	581	396	28	1
641	232	656	232	28	1
760	245	774	247	28	1
794	232	808	236	51	1
922	205	935	202	51	2
852	213	864	213	28	2
705	220	718	220	28	1
603	214	616	215	28	2
568	230	582	230	28	1
817	375	833	376	28	1
1516782278_577f5049e7_2333_38559085@N00.jpg
324	186	344	188	28	1
490	188	508	188	28	1
579	239	595	230	28	1
1517788842_3ac842d2e3_212_70985827@N00.jpg
112	134	140	140	28	1
335	148	372	150	28	1
228	99	256	110	28	2
1521234949_a46b86fb91_2005_61371313@N00.jpg
376	240	402	236	28	1
496	196	518	192	28	2
256	263	293	264	28	1
613	236	639	238	28	1
1526884227_c4c743fe31_2203_11497923@N07.jpg
280	97	290	95	28	2
353	131	362	132	10	1
243	86	253	87	28	1
1538415907_6339258ad2_2109_72761695@N00.jpg
358	372	382	368	51	2
266	168	284	174	51	1
360	215	379	216	28	2
467	199	489	199	28	1
555	99	573	101	16	2
618	97	635	97	51	1
1538751696_6b59838c25_2188_14896201@N08.jpg
744	514	772	516	28	1
892	500	920	498	28	1
531	551	560	552	28	1
635	540	663	552	28	1
1557586196_07213111f7_2287_14168469@N02.jpg
398	155	419	154	28	1
141	127	159	129	28	1
55	148	77	152	28	2
327	181	341	173	28	1
1559596545_a942d271a5_2379_10864931@N08.jpg
246	146	276	148	5	1
157	133	186	138	5	1
1560465722_7365be3e77_2015_10864931@N08.jpg
333	162	381	174	51	1
147	224	188	214	10	1
1560601462_86bc1ce3b1_2260_14959386@N03.jpg
564	248	576	248	28	2
228	260	242	260	51	2
343	239	356	240	28	2
410	247	421	248	28	2
484	231	496	231	28	2
420	399	434	403	28	2
475	395	488	395	28	2
657	389	672	390	28	2
662	230	675	231	28	2
753	229	767	229	28	2
733	392	746	392	28	2
1567575764_716cf53059_2179_7390704@N06.jpg
608	132	630	126	28	2
462	112	486	114	28	2
157	193	184	193	16	2
257	236	280	227	16	2
615	436	634	442	28	2
757	103	778	89	16	2
1571939231_7d15a78bb4_2349_70334191@N00.jpg
150	85	158	85	28	2
212	110	220	110	28	1
258	105	267	102	28	2
1573815579_b86a6ee32f_2243_8608994@N03.jpg
846	336	862	336	16	2
528	540	548	536	16	2
146	357	163	355	16	2
316	334	332	335	16	2
635	352	652	355	16	2
743	334	759	336	16	2
502	345	514	345	16	2
1573984712_c298816cd8_2343_59345149@N00.jpg
508	190	530	190	51	1
190	164	210	162	28	2
373	157	394	156	28	1
615	146	637	146	75	2
1574249681_61e21d3834_2402_19631951@N00.jpg
400	228	424	218	28	1
326	176	352	168	28	1
217	186	245	192	28	1
1577644358_f30849b4a0_2006_86204735@N00.jpg
312	308	386	312	28	2
480	212	542	218	28	2
1582763585_903bd9f088_2172_93761649@N00.jpg
218	189	270	191	28	1
371	227	423	213	28	1
41	229	89	253	28	1
1584137590_85eaeddba6_2129_14515298@N00.jpg
202	210	218	210	28	1
410	254	424	256	28	1
317	183	331	182	5	1
517	318	533	326	28	1
732	298	747	298	28	1
778	334	793	332	28	2
1589883043_890bf0933a_2065_15187930@N07.jpg
888	182	906	182	28	1
520	350	538	346	28	2
273	139	290	140	28	2
485	131	504	132	28	2
613	137	632	136	28	2
764	195	782	199	28	1
392	321	407	321	28	2
241	229	256	239	28	2
1590675637_f309717edd_2112_56936360@N00.jpg
722	356	736	356	28	2
174	396	188	400	28	2
149	251	163	252	28	1
116	220	127	222	28	2
227	217	240	217	28	2
331	226	344	226	28	2
377	218	387	220	28	2
448	205	458	205	28	2
540	238	549	238	28	1
574	206	584	203	28	2
625	237	636	237	28	1
711	229	724	229	28	1
747	203	757	202	28	2
789	201	803	198	28	2
847	210	862	212	28	2
615	378	629	377	28	2
542	372	553	367	28	2
487	361	499	364	28	2
372	356	383	352	28	2
303	390	318	390	28	2
1600713029_30e235c972_2078_69507849@N00.jpg
234	134	244	136	28	2
360	141	370	142	28	2
115	115	126	118	28	2
166	146	177	147	28	2
281	132	292	134	51	2
1636981032_1d4fea5a82_2260_13949049@N08.jpg
68	160	76	161	51	2
276	129	284	128	51	1
47	65	56	64	75	2
105	59	114	60	51	2
177	66	185	66	75	1
172	137	180	138	51	1
215	128	224	128	51	1
238	66	246	68	75	1
291	59	299	58	75	1
348	64	356	64	75	1
44	176	53	176	10	2
233	198	243	199	75	2
337	128	346	129	51	1
390	142	397	140	75	1
1637290216_260392a5f4_2255_83171356@N00.jpg
326	186	348	186	51	2
768	158	788	158	51	2
409	169	431	176	51	2
569	170	593	165	51	2
651	247	677	251	51	1
1638503079_26f333f80b_2323_8691569@N07.jpg
105	129	122	127	28	1
176	110	195	109	28	2
273	87	291	86	28	1
366	106	383	111	28	1
1642465856_16324e79af_2181_11395734@N06.jpg
202	285	223	282	1	2
271	47	291	47	5	2
184	40	206	36	5	2
1642837457_c20cb79dc0_2013_57213468@N00.jpg
254	236	288	230	28	1
360	312	390	310	1	1
524	238	562	217	28	2
625	347	663	357	1	2
1653774906_70b1db7202_2222_56489368@N00.jpg
91	163	107	160	28	1
411	151	426	151	28	1
32	179	50	179	51	1
179	123	190	124	75	2
310	138	321	138	75	1
1658524288_c2d500badf_2129_12020257@N03.jpg
253	109	260	107	28	1
296	198	304	197	28	1
97	176	105	177	28	2
157	201	164	201	28	2
174	114	180	114	51	1
208	129	216	131	28	1
234	183	241	183	28	1
299	116	305	114	51	2
334	172	341	171	28	1
1661979926_327c2a5c56_2315_15508175@N08.jpg
293	152	305	149	28	1
223	157	235	158	28	1
1664946029_869e895d53_2135_15402503@N08.jpg
293	149	318	140	28	2
219	156	245	160	28	2
1665789504_5fbad9dcc7_2243_15402503@N08.jpg
289	132	315	136	28	2
193	120	221	127	28	2
1667750727_a5291911e8_2127_12523125@N05.jpg
225	191	279	202	28	1
407	229	454	224	28	1
332	100	377	97	28	1
61	159	107	159	28	2
1670016696_b83efc34e1_2034_15645304@N08.jpg
562	280	580	278	16	2
640	168	656	166	16	2
394	276	413	276	10	2
1676027399_1ac32505d0_2102_13871415@N05.jpg
130	156	138	158	51	1
266	111	274	112	28	1
181	97	189	99	28	2
226	110	234	110	28	2
298	112	305	112	28	2
330	125	336	125	28	2
361	119	369	119	28	1
1678964602_3c0976ccba_2091_50797036@N00.jpg
446	168	468	168	28	1
218	136	234	136	28	2
340	101	354	104	51	2
578	91	590	90	51	2
724	125	738	125	51	2
1680644589_bdd625ec29_2408_11076497@N00.jpg
806	372	868	356	28	1
606	374	664	378	28	1
1714005999_11c1501336_2161_74965420@N00.jpg
514	392	542	386	28	1
540	126	568	126	51	2
321	168	350	169	28	2
404	399	428	410	28	1
1731848492_c9ace7ce1c_2171_67521754@N00.jpg
120	268	136	268	51	2
660	434	674	436	51	2
176	247	190	250	51	2
336	432	349	433	51	2
456	459	471	459	51	2
581	483	596	483	51	2
650	356	664	357	51	2
736	323	750	323	51	2
851	330	863	331	51	2
1731853851_b11ccb2f61_2113_9452091@N06.jpg
389	155	418	150	28	2
274	162	300	160	28	1
1736873954_62f756f169_2250_77461409@N00.jpg
708	346	726	340	28	2
592	368	618	366	28	2
506	362	522	362	28	2
1743840057_f58d7db305_2211_52917175@N00.jpg
496	184	600	152	28	2
138	400	244	432	28	1
373	341	462	343	28	1
1748177652_74d76eaea4_2372_8267662@N05.jpg
124	67	134	68	16	1
197	78	206	79	16	1
1768848547_28342bc497_2151_59175167@N00.jpg
383	159	391	159	28	1
333	142	343	142	28	1
107	169	118	170	28	2
236	160	246	162	28	1
1770101146_4c27a77fbd_2009_88602908@N00.jpg
445	195	453	194	28	1
256	219	263	219	28	1
61	215	68	215	28	1
98	220	106	222	28	1
131	204	140	204	28	2
168	191	174	190	28	2
169	222	177	222	28	1
205	195	211	194	28	2
210	217	217	216	28	1
308	215	315	215	28	1
338	224	345	225	28	1
303	191	312	190	28	1
296	158	301	158	28	2
341	190	349	189	28	1
387	169	394	167	28	2
402	146	408	146	28	2
422	128	429	128	28	2
53	42	59	44	28	2
72	52	77	54	28	2
93	81	98	82	28	1
137	79	143	79	28	1
159	84	163	84	28	1
176	84	180	84	28	1
193	93	197	93	28	1
221	101	226	103	28	1
238	117	243	117	28	1
1778510967_3b04667d9c_2366_58997145@N00.jpg
244	230	286	224	28	1
380	218	412	214	28	1
164	211	203	221	28	1
491	220	529	221	28	1
681	220	717	225	28	1
804	206	846	205	28	1
1785438434_1bf33e145d_2279_70485674@N00.jpg
440	354	476	342	28	2
600	352	644	342	28	2
213	341	261	360	28	2
813	389	860	383	28	2
1797864477_4b93be60e9_2255_47759279@N00.jpg
202	234	244	234	28	2
510	312	548	322	28	2
470	111	500	121	28	2
736	181	761	194	28	2
861	425	892	443	28	2
1800038805_cedbc5854b_2055_14274301@N02.jpg
406	128	420	130	28	2
702	358	716	356	28	1
231	348	246	350	28	2
366	328	382	328	28	1
502	274	514	273	28	2
519	378	535	377	28	1
615	376	629	376	28	1
614	295	625	295	51	2
677	335	691	332	28	2
1800138004_654a40c0fa_2262_49906406@N00.jpg
198	106	209	109	28	2
291	113	302	112	28	2
237	103	246	104	28	2
1801062223_b4517e4759_2384_16880788@N06.jpg
251	103	280	102	28	2
337	109	358	100	28	1
133	92	160	104	28	1
1801144853_02353b1dfd_2064_12107037@N05.jpg
400	298	422	296	1	2
676	354	694	346	1	2
529	305	546	291	1	1
1803445509_cb300c840b_2039_51035566494@N01.jpg
276	136	294	138	28	2
368	228	384	230	28	1
483	138	501	138	28	2
568	199	583	199	28	1
628	202	643	199	28	1
675	266	692	265	28	1
719	169	735	169	28	2
809	198	827	198	28	1
1812722430_8b9523b88b_2209_60141658@N00.jpg
644	434	668	436	10	1
434	190	454	190	10	2
331	266	352	266	5	2
563	451	582	447	1	2
1813488012_6dfc0cffcd_2014_85934416@N00.jpg
450	368	470	376	28	1
532	374	558	378	28	2
325	257	344	269	28	2
390	338	405	347	28	1
1815406471_c9d537014a_2216_91298582@N00.jpg
710	370	754	364	28	1
114	314	140	310	28	2
314	347	339	344	28	1
529	462	563	461	28	1
1815479844_c34f9701e3_2062_51035771158@N01.jpg
129	61	143	64	28	2
328	112	341	111	28	2
242	79	254	81	28	2
1815479980_b257ffa12e_2026_51035771158@N01.jpg
163	95	176	96	28	2
255	59	267	59	28	2
1829550024_249a0df27a_2156_7429660@N02.jpg
382	274	400	274	28	2
786	260	798	260	28	1
516	266	531	265	28	1
610	263	623	263	28	1
696	262	711	265	28	1
579	181	593	181	28	2
547	214	560	219	51	1
1830163444_29610533be_2045_77016480@N00.jpg
446	248	484	238	28	2
588	214	622	206	28	1
314	283	349	295	28	1
637	177	663	154	28	2
1835260763_2f4c599dbc_2181_7842075@N02.jpg
434	174	454	176	28	2
276	120	292	120	28	2
169	105	187	118	28	2
816	130	835	127	28	2
1849385468_b39c22773e_2280_17665201@N05.jpg
376	80	394	82	28	1
279	165	298	166	28	2
88	146	105	142	28	1
204	41	220	46	51	2
1856450003_6e0caf6c46_2030_33468378@N00.jpg
722	288	738	286	28	2
374	300	386	302	28	2
461	290	472	290	28	2
547	302	563	303	28	2
637	301	649	295	28	2
1856744765_243ed4ce07_2128_31212004@N00.jpg
216	266	248	264	28	2
510	172	532	168	28	2
426	267	457	274	28	2
591	288	617	286	28	1
777	330	808	328	28	1
1857271148_b8970aee5f_2205_33468378@N00.jpg
296	720	314	720	28	2
512	538	528	540	28	2
408	569	424	569	28	2
477	584	492	583	28	1
569	544	581	538	28	2
1857979638_544f3bac37_2069_85706744@N00.jpg
161	196	223	205	28	1
301	187	349	172	28	1
1859159649_53b4fa96d9_2077_8274992@N02.jpg
780	342	794	342	28	1
440	364	452	368	28	1
366	377	376	374	28	1
408	317	420	316	28	2
544	302	557	299	28	2
598	341	615	347	28	1
640	301	652	301	28	2
717	287	731	287	28	2
853	307	866	309	28	2
821	291	833	291	28	2
280	376	291	375	28	2
1867106679_80807f8dc5_2024_12429079@N00.jpg
454	414	468	414	51	2
440	242	454	240	51	2
198	208	211	207	51	2
263	251	281	251	51	1
340	248	357	247	51	2
538	260	553	257	51	1
569	405	585	404	51	1
635	429	650	427	51	2
611	245	628	247	51	1
688	236	702	237	28	2
724	291	738	291	28	1
734	456	749	456	28	1
1879099987_455ed59702_2407_96508766@N00.jpg
246	338	346	358	28	1
370	556	460	538	5	2
1879653324_87c0a37e7a_2193_90634971@N00.jpg
716	186	748	186	28	2
234	146	262	144	28	2
409	163	435	164	28	2
595	189	624	191	28	2
1880840857_9c0d80164d_2049_99766845@N00.jpg
351	79	365	77	75	1
281	74	293	74	75	1
196	57	212	59	75	2
138	53	154	58	51	1
1881672088_2b22a53349_2402_99766845@N00.jpg
364	75	381	73	75	2
221	89	234	90	51	2
80	95	95	95	51	2
1884232338_6c47980f99_2029_44963583@N00.jpg
632	472	690	462	28	1
488	546	548	552	28	1
784	234	865	210	28	2
1886643492_7e782e376c_2294_41865959@N00.jpg
164	528	210	528	5	2
508	150	538	150	75	1
635	262	657	265	1	2
1889432804_92d2a9a28a_2216_60662507@N00.jpg
184	139	203	139	28	2
269	165	287	166	28	1
291	122	308	116	28	2
356	159	376	153	28	1
124	178	145	186	28	1
1889727294_0043720e61_2078_7262747@N02.jpg
430	214	446	214	28	2
242	138	256	140	28	1
309	148	323	143	28	1
381	114	393	114	28	1
427	129	443	129	28	1
763	146	783	144	75	2
1898566953_030333a979_2027_7863582@N02.jpg
56	88	67	92	28	2
195	82	206	83	28	1
1899909231_bb699192fb_2046_78513958@N00.jpg
355	87	372	84	75	2
303	124	313	124	5	1
1900755490_a3bb19b811_2037_78513958@N00.jpg
197	90	219	94	75	2
132	157	147	157	5	1
1900757186_3391e7a39d_2213_78513958@N00.jpg
68	187	87	184	5	1
179	111	197	110	75	2
1911273600_4fea8eb52c_2138_7205122@N03.jpg
315	92	329	86	28	1
243	73	255	68	28	1
155	94	164	102	28	1
199	65	212	68	28	1
1911281966_ea02e8ad21_2145_7205122@N03.jpg
395	226	412	225	28	1
215	55	230	58	28	1
133	59	148	64	28	1
304	172	320	175	28	1
1925785330_c901388aea_2353_51084284@N00.jpg
401	101	411	101	28	2
180	89	190	91	28	2
60	95	74	95	28	2
123	86	136	86	51	2
160	86	170	87	28	2
180	88	189	89	28	2
228	114	237	119	28	1
282	112	292	110	28	2
338	113	347	108	28	2
1941417899_beca5d19d4_2137_14407076@N05.jpg
75	151	93	151	51	1
154	105	173	104	28	2
263	156	279	156	51	1
414	115	432	113	51	2
1944587589_af54f35766_2266_21657526@N00.jpg
614	268	658	268	28	2
388	374	434	372	28	1
1944613287_562a93747d_2366_21657526@N00.jpg
572	234	606	244	28	1
646	248	684	250	28	1
407	287	436	305	28	1
1945412708_77d410fa9f_2125_21657526@N00.jpg
508	310	520	310	28	2
380	304	394	304	28	2
300	298	312	299	28	2
438	300	450	301	28	2
599	316	612	316	28	2
662	300	673	301	28	2
1958057533_cf7545db2f_2102_24443711@N00.jpg
321	101	335	100	28	2
159	113	172	114	28	2
74	98	84	102	51	2
442	95	455	93	28	2
1964447515_cae2dc9b98_2326_78513958@N00.jpg
406	18	440	23	28	1
127	13	154	20	51	2
1977386949_2d171f1a6a_2359_78513958@N00.jpg
295	233	303	233	28	1
231	322	239	322	5	1
1985236756_2e22bea15e_2239_48618383@N00.jpg
250	408	268	408	51	1
648	312	660	312	28	1
65	236	77	236	51	1
82	198	95	196	28	2
98	124	108	124	28	2
152	229	163	229	28	2
175	132	187	131	28	2
217	252	229	252	51	1
299	268	309	268	51	1
374	352	389	353	75	2
475	327	489	325	28	1
557	332	570	332	28	1
829	322	841	319	28	1
706	318	718	318	28	2
404	260	414	261	28	1
458	252	468	252	28	1
240	217	252	219	28	2
254	148	264	148	28	2
324	142	334	144	28	1
609	263	622	263	28	2
415	136	427	136	28	1
377	154	387	152	28	1
492	134	502	130	28	2
559	123	570	119	28	2
606	147	613	151	28	2
646	153	656	152	16	1
680	144	689	144	28	1
744	140	752	143	51	2
677	271	688	272	28	2
715	270	727	270	28	2
367	254	378	256	28	1
270	239	281	238	28	1
810	176	818	177	51	1
790	154	799	153	28	2
787	378	800	378	5	2
428	301	440	300	28	1
424	339	434	340	5	1
1986026267_74078f326f_2392_24781102@N00.jpg
586	286	608	288	28	1
646	372	668	376	5	2
494	317	509	321	5	1
1994780892_8e8de739e5_2019_16014690@N08.jpg
276	440	316	440	1	1
566	336	604	346	5	1
2009912111_8b6d68182c_2187_83319842@N00.jpg
138	128	157	128	28	1
216	161	234	163	28	1
274	189	285	171	28	2
2012666828_5cfa4f9554_2199_73719225@N00.jpg
616	160	634	160	28	1
298	154	312	154	28	1
108	134	124	136	28	2
211	142	225	142	51	2
395	157	413	156	75	1
472	108	490	105	75	2
662	72	680	72	28	2
2024745551_c15ea3c3f1_2253_78513958@N00.jpg
114	209	145	209	28	1
175	295	203	301	5	1
2030354177_3b96d08ac0_2156_75254430@N00.jpg
280	104	303	106	28	1
213	54	235	54	28	1
2034398333_aca1e1375c_2304_14416412@N04.jpg
225	253	260	253	28	1
376	179	409	174	28	1
91	205	122	218	28	1
162	84	189	92	28	1
246	96	273	85	28	1
2035183544_ba57b3be85_2092_62417949@N00.jpg
224	134	241	133	28	1
247	67	262	68	28	1
187	118	202	115	28	1
266	124	279	122	28	1
2039766934_055f8d99ec_2174_66623665@N00.jpg
106	344	122	344	51	2
802	350	814	350	28	1
197	371	213	371	51	1
232	334	245	334	51	2
305	389	319	389	51	1
295	324	313	320	51	2
376	343	388	345	51	1
411	321	423	325	51	1
423	279	437	282	51	1
476	359	491	364	51	1
494	313	508	316	51	2
542	367	557	367	28	1
594	345	607	346	28	1
658	360	672	359	51	1
721	345	735	345	28	1
907	311	923	314	51	2
2043037498_22ae57a87b_2272_12353452@N00.jpg
246	227	272	229	28	1
303	140	324	139	51	1
135	106	158	110	28	2
214	122	235	122	28	2
254	148	267	139	28	1
2043468354_48ff1d174a_2058_8534792@N05.jpg
248	458	266	462	28	2
588	444	604	448	28	2
447	447	462	446	28	2
908	379	922	379	28	2
685	344	697	344	28	2
612	350	624	350	28	2
543	348	555	345	28	2
456	357	467	356	28	1
382	358	392	356	28	1
309	321	321	321	28	2
431	283	443	284	28	2
480	214	491	215	28	2
502	275	512	275	28	1
549	282	559	281	28	1
586	227	595	227	28	2
650	265	661	265	28	2
680	220	689	220	28	2
763	260	773	259	28	2
860	290	871	290	28	2
2044988873_6aad112b43_2031_98359355@N00.jpg
328	186	342	186	5	2
236	108	252	110	10	1
2049447688_b583b9268a_2098_85245546@N00.jpg
314	316	330	312	51	2
222	320	242	318	51	2
467	352	484	350	51	1
561	367	577	364	51	1
2049884041_51aa837f67_2372_13468449@N03.jpg
822	338	838	338	16	2
630	360	644	358	51	1
185	344	198	345	16	2
278	325	293	327	75	2
326	372	340	373	16	1
400	341	415	342	16	1
501	356	514	357	16	1
513	306	527	306	28	2
575	348	589	348	51	1
719	344	735	344	75	1
2054905779_279ce8d98f_2146_28569409@N00.jpg
660	298	678	294	28	1
586	266	604	266	28	2
515	309	536	308	28	1
2056040478_b06c216f30_2137_11873168@N00.jpg
182	181	201	184	28	2
291	118	304	117	75	1
193	90	210	88	75	2
280	197	294	202	28	1
2056315205_b7dcbde7e7_2141_26871255@N00.jpg
922	184	944	184	28	2
692	194	708	192	28	1
2057270334_9ffbe2c70b_2286_67645990@N00.jpg
712	326	740	324	51	1
380	318	406	320	51	1
2057891092_eca990b1b2_2124_15453018@N00.jpg
698	298	774	294	51	1
422	180	478	158	51	2
212	256	290	252	51	2
321	198	377	180	51	1
2058755259_5c14d7202a_2046_10771811@N05.jpg
318	278	336	278	51	2
174	342	192	342	28	1
456	287	473	282	51	2
2059082370_c65ac0d01d_2236_95206757@N00.jpg
850	180	924	194	28	2
632	174	692	166	28	1
134	48	224	57	28	2
503	188	560	188	28	1
2059276332_6f6348b6ee_2100_87301904@N00.jpg
376	214	424	214	28	1
464	414	518	406	28	1
2061312800_2e8bf496b3_2293_21111952@N03.jpg
232	298	252	296	75	1
556	378	572	380	28	1
439	387	454	387	51	2
402	305	415	306	75	1
323	301	336	304	75	1
173	236	189	242	75	2
460	334	472	336	51	1
540	314	555	316	75	1
634	310	646	308	75	1
718	298	728	293	51	1
830	308	846	308	51	1
907	319	922	319	28	2
868	227	880	227	51	2
901	188	916	189	51	2
786	177	798	178	28	2
816	223	827	223	51	1
739	206	750	205	51	2
707	198	719	198	51	2
685	178	697	176	51	2
660	226	672	226	51	1
626	207	635	206	51	2
595	223	610	224	51	2
559	204	570	205	28	2
516	232	529	231	28	1
488	209	501	208	51	2
441	212	453	212	51	2
359	221	372	219	51	1
272	231	286	230	28	1
305	203	319	204	51	2
231	185	244	187	28	2
138	186	151	188	51	2
197	199	211	201	28	2
395	176	406	175	75	2
2062004036_c65417d808_2113_12674472@N07.jpg
798	406	884	432	10	2
449	234	509	299	28	2
587	336	688	334	28	1
2064305589_95821a0c5b_2295_48186050@N00.jpg
448	278	478	274	28	1
252	306	278	304	28	1
217	239	242	249	28	2
657	266	682	272	28	2
818	340	842	335	28	1
2065018836_006e237779_2302_44166886@N00.jpg
189	90	250	86	28	2
313	142	360	140	28	1
167	222	212	231	28	1
2066652451_6629b92725_2257_11027485@N06.jpg
388	450	404	450	28	1
314	444	328	444	16	1
234	358	249	355	16	1
329	277	341	282	16	1
381	301	393	302	16	1
485	282	499	284	28	1
535	263	548	263	28	2
670	284	682	284	16	2
797	296	811	295	16	2
2067067251_8e8bb29085_2340_17921479@N00.jpg
788	160	808	162	28	1
714	196	730	198	1	1
2067429263_87243488e2_2270_19732321@N04.jpg
318	278	350	284	5	1
178	200	214	204	5	2
275	131	311	147	51	2
2067437025_3c899a6484_2022_19732321@N04.jpg
450	300	486	312	5	1
216	172	256	176	5	2
385	155	426	172	51	2
616	273	648	262	10	1
2069211495_b4c2a2c720_2374_42909337@N00.jpg
216	100	226	99	51	1
276	85	287	85	28	1
134	43	144	42	28	2
201	61	211	61	51	1
256	51	263	49	51	2
346	84	355	86	51	2
2071028251_9948c5f7a7_2020_24319863@N00.jpg
139	191	148	192	28	1
220	287	227	288	1	2
170	331	178	331	1	1
2072725812_45eb62652d_2101_7269431@N08.jpg
586	182	610	180	1	2
690	266	716	266	5	2
560	291	585	290	5	2
2073118045_33a95a2caa_2216_95648127@N00.jpg
214	128	221	127	28	1
173	131	180	130	28	1
261	114	268	114	28	2
294	139	303	140	28	1
334	117	341	117	28	2
2073705413_96584e6d99_2415_44579559@N00.jpg
638	124	682	114	28	2
442	180	480	168	51	1
319	167	353	186	51	2
702	253	745	229	28	1
2075679580_5e3e260885_2383_81589848@N00.jpg
142	616	164	618	28	2
288	576	310	576	28	2
427	569	446	563	28	2
2076332641_43ef0c4406_2220_10182692@N08.jpg
112	178	126	177	28	1
83	153	98	157	28	2
72	200	83	203	1	2
2076465608_1abfa76e5d_2355_9229565@N05.jpg
215	145	229	143	28	1
267	201	278	199	1	1
152	119	167	120	75	2
317	113	332	112	28	2
2076811901_abb7762fb6_2379_21420162@N06.jpg
390	386	404	386	10	2
580	438	594	440	10	2
471	471	487	471	10	2
513	240	524	239	10	2
425	224	438	225	10	2
343	274	357	274	5	2
270	279	282	279	5	2
480	270	492	264	10	2
2078498162_e84491923c_2163_21430062@N04.jpg
16	162	24	163	28	1
373	168	381	168	28	1
71	174	79	174	28	1
117	165	125	165	28	1
158	159	165	157	28	1
205	170	212	170	28	1
226	158	231	158	28	1
257	161	262	161	28	1
280	154	288	154	28	1
340	156	345	157	28	1
426	173	434	172	28	1
463	178	471	176	28	1
324	162	329	161	28	1
2080876852_dd0043adfa_2034_55094062@N00.jpg
622	164	640	164	28	2
416	272	436	272	28	2
2081117951_c2cd019af8_2186_35511728@N00.jpg
253	125	298	113	28	2
81	87	110	83	28	2
179	197	213	180	28	1
2081864368_9783e17fd4_2377_86848368@N00.jpg
454	378	478	376	16	2
144	140	168	146	16	2
311	178	334	186	16	2
2083178155_70f76c5411_2353_43229845@N00.jpg
369	168	385	165	28	2
223	160	235	159	28	2
2083185687_0687d6f16b_2189_43229845@N00.jpg
293	242	302	240	28	2
195	252	204	248	28	2
2083629915_995e2e6ec2_2165_21492289@N07.jpg
261	115	275	115	16	2
407	96	424	96	16	1
2083871197_6788508a96_2104_17337515@N04.jpg
538	326	552	326	16	2
160	332	174	332	28	2
159	238	171	239	16	2
284	235	296	235	16	2
377	199	390	197	16	2
308	318	322	319	28	2
428	344	442	345	28	2
450	241	462	240	28	2
538	222	548	217	28	1
648	185	660	183	28	2
756	214	766	210	28	2
841	281	856	283	28	2
688	310	706	307	16	2
2083964440_2be7b7de0f_2178_43229845@N00.jpg
240	191	248	190	16	2
321	191	329	191	16	2
164	189	173	189	16	2
2085127334_47ba72f14a_2002_17337515@N04.jpg
802	172	818	172	51	2
680	228	694	226	28	1
241	194	261	194	51	2
360	165	378	168	51	2
398	220	410	228	51	1
450	236	466	241	51	1
442	184	461	181	51	2
527	170	541	171	51	2
521	234	537	237	75	1
586	203	600	204	51	1
571	156	583	156	51	2
641	186	656	188	28	2
737	177	752	177	51	2
2089388169_b68a96910d_2036_9389370@N07.jpg
200	106	219	109	28	1
274	168	292	165	28	1
90	184	107	191	28	1
329	197	345	192	28	1
369	182	381	170	28	1
2089734329_59a2a6cb1a_2253_44996351@N00.jpg
195	278	207	277	28	1
157	275	168	275	28	1
2090454263_5525a39e6d_2273_84316190@N00.jpg
134	540	166	534	10	2
296	620	324	620	5	2
387	447	425	447	51	1
537	430	578	420	51	2
2091675507_b6c9b1d9f0_2103_11214855@N07.jpg
269	129	276	130	28	2
224	140	232	140	28	2
90	143	100	143	28	1
138	126	148	128	28	2
182	132	192	133	28	2
284	148	293	149	28	1
326	139	331	145	28	1
348	135	356	136	28	2
2091811084_d7e0e424fb_2151_78513958@N00.jpg
71	103	91	108	28	2
323	116	337	114	28	2
216	89	235	87	28	2
395	126	410	121	28	2
2092288843_b8b1151a35_2011_10116018@N02.jpg
115	40	181	34	28	1
269	63	321	39	28	1
2092582460_906b5ae407_2008_21624346@N04.jpg
116	123	136	126	28	2
204	140	223	138	28	1
2092809170_be6f2faa35_2077_80766152@N00.jpg
187	145	206	145	51	1
435	90	454	90	51	2
102	135	123	138	51	1
238	138	257	136	75	2
331	74	353	73	75	2
2093028428_bc82c0c862_2362_10116018@N02.jpg
121	204	178	205	28	1
253	191	305	186	28	1
2094066426_b59cb4d583_2357_15459944@N04.jpg
408	238	440	240	1	2
948	70	974	74	1	1
2094129778_79bd3c347d_2352_59913011@N00.jpg
315	123	333	121	28	2
136	191	154	189	28	1
212	200	230	200	28	1
2094688434_337d32ab78_2040_52268911@N00.jpg
172	180	226	176	28	2
334	193	388	189	28	1
2094812639_f25ef7b02d_2288_64226949@N00.jpg
259	213	268	213	51	2
211	177	217	177	28	1
147	88	155	90	28	2
190	109	197	110	28	1
233	100	240	100	28	2
278	93	285	92	28	2
328	83	335	82	28	2
314	153	321	152	28	2
256	162	263	159	28	1
156	162	163	162	28	1
148	225	155	226	28	1
198	227	206	225	28	1
322	222	329	222	51	2
2095205080_8b0cab9617_2343_46254216@N00.jpg
388	312	410	310	28	1
542	260	564	260	28	1
2096118682_ca8679f6f8_2117_21661613@N03.jpg
530	322	564	326	75	2
264	376	292	372	75	1
2097914739_9a460f5c25_2033_21660828@N05.jpg
762	166	796	162	28	2
362	164	388	166	28	2
561	203	591	203	28	2
2098187162_68b0b9540a_2002_17386749@N00.jpg
596	330	612	328	28	1
398	330	414	332	28	1
475	299	490	304	28	1
526	265	541	264	28	2
563	310	578	304	28	2
2098188646_edeaf4a897_2253_17386749@N00.jpg
504	366	520	368	28	1
594	346	608	346	28	2
377	372	393	370	28	1
446	340	460	340	28	1
529	314	543	314	28	2
2099870397_df5b74a25c_2236_86204735@N00.jpg
688	338	754	324	28	1
460	220	520	232	28	1
283	251	331	279	28	1
2099870491_92e369eb8d_2356_86204735@N00.jpg
752	180	782	188	28	1
474	144	496	144	28	1
2100516298_2b4ec6d4ca_2250_55974665@N00.jpg
102	87	133	96	51	1
229	102	263	98	28	1
342	135	373	122	51	1
2100642086_f6254ac241_2061_86204735@N00.jpg
752	408	860	374	28	1
566	318	654	330	28	1
210	450	314	450	28	1
2102747665_5bd37a8f03_2388_13251555@N03.jpg
624	524	642	524	28	2
874	350	888	348	28	2
224	388	238	387	51	2
296	392	309	391	16	2
393	570	408	568	28	2
471	553	485	551	51	1
507	536	521	530	51	2
307	604	319	601	5	1
323	471	336	469	10	2
356	544	369	540	28	1
412	384	426	384	28	1
443	450	454	451	16	2
454	376	466	377	28	2
507	366	519	363	28	2
553	372	565	369	51	2
510	411	520	410	51	1
469	401	482	400	28	1
535	463	546	466	16	1
566	471	579	469	10	1
605	470	616	469	10	1
669	455	683	454	10	2
618	383	632	383	28	1
667	334	680	332	28	2
692	376	707	376	28	1
734	401	749	396	16	2
759	367	772	365	28	2
811	345	826	342	28	2
851	391	867	394	28	1
592	556	606	556	10	1
364	588	378	590	1	1
2104103601_f2ed3141db_2216_8648827@N06.jpg
760	230	844	226	51	1
518	246	584	242	51	1
2106125465_ea8f758a85_2105_10038098@N04.jpg
510	346	530	344	51	1
396	342	416	342	28	1
162	307	184	308	28	2
293	281	317	285	28	2
2109971470_10e37f32f2_2217_91835761@N00.jpg
322	144	336	144	75	1
440	106	460	106	51	2
164	87	181	88	75	2
573	127	590	123	51	2
309	361	328	359	75	1
421	376	442	376	51	1
564	374	582	374	75	2
716	370	734	368	75	2
2110174043_ec059cbf07_2319_8312626@N03.jpg
369	37	380	36	51	2
264	47	274	46	51	2
154	57	165	57	75	2
210	58	220	59	75	2
309	49	319	48	51	1
337	167	349	167	51	2
2112187919_1bb25418db_2317_65986308@N00.jpg
376	192	412	198	5	2
614	296	644	292	5	1
2126152299_00b622f537_2018_24848792@N00.jpg
242	124	280	124	28	2
430	156	466	154	28	2
2132882748_1cbb675b59_2012_92576810@N00.jpg
280	224	326	230	28	1
526	288	568	290	28	1
718	299	763	296	51	1
2138854487_88cccf0909_2206_83586782@N00.jpg
160	376	198	372	28	1
320	304	352	308	28	1
624	250	657	248	28	2
786	317	827	310	28	2
2155968661_c1b27de3e4_2136_15598386@N00.jpg
590	192	666	192	28	1
456	198	528	194	28	1
2180254513_84f4a222a1_2113_21092958@N07.jpg
338	248	382	250	51	2
232	412	274	408	51	1
577	376	622	373	51	2
2208989218_2e697561bd_2288_12301476@N08.jpg
392	306	472	292	28	1
242	238	312	224	28	1
2214413372_2b04a8659a_2281_7564365@N07.jpg
268	97	296	89	28	2
180	183	210	182	28	1
2278947156_a0c95546f9_2400_54447709@N00.jpg
586	184	606	178	28	1
532	140	554	136	28	2
2281704170_072fbdf1cd_3233_49272932@N00.jpg
131	66	144	69	28	2
370	72	384	69	28	2
201	59	214	60	28	2
291	59	304	57	28	2
2283001836_2887d1cb08_2002_12497416@N03.jpg
336	208	368	206	28	1
382	182	412	178	28	2
2285439323_e87fa142b4_2247_12341818@N04.jpg
144	141	169	137	51	1
321	170	343	177	28	2
226	102	249	86	51	1
2287636248_ff1470936a_3199_36903582@N00.jpg
742	132	776	128	28	2
532	186	560	184	28	2
230	191	258	189	51	2
395	221	423	224	51	1
2287910027_9936344b50_2294_71131204@N00.jpg
450	432	512	448	28	1
282	406	332	386	28	1
599	323	646	282	28	2
2294051870_cedc13888f_2319_54378690@N00.jpg
692	348	768	344	28	1
276	332	350	336	28	2
446	326	522	344	28	2
2294590887_c2ba6cd61c_3002_22519184@N00.jpg
816	234	854	232	28	1
260	238	292	246	28	1
437	200	469	202	28	2
630	169	663	160	28	2
2295069774_844059c71f_3119_13777302@N03.jpg
628	196	700	188	28	1
402	324	460	320	5	2
2298274407_29bacefce2_3059_59016251@N00.jpg
326	282	366	276	28	1
454	338	488	340	28	1
2298306221_788f54dfbf_3204_24241918@N04.jpg
418	358	452	358	28	1
586	330	618	332	28	1
312	261	342	264	51	2
716	263	748	258	51	2
2299717643_e70319362e_3154_10066546@N03.jpg
167	93	190	94	51	1
291	73	314	70	28	1
2300510904_95683471af_2117_10066546@N03.jpg
196	78	230	85	16	1
295	109	322	109	16	1
2305774727_28f3c1206e_2280_39043411@N00.jpg
273	92	285	92	51	2
185	100	196	101	51	1
2306369563_6ee20318bb_2391_75254430@N00.jpg
272	62	290	64	28	2
328	129	345	128	28	1
217	96	238	100	28	1
2327887256_631d631d49_3279_12233491@N02.jpg
496	222	520	224	28	2
640	192	664	190	28	1
351	172	374	181	28	2
2333344048_6f57fc769e_3094_26027328@N00.jpg
486	194	526	194	51	2
246	262	284	262	28	1
736	216	778	212	28	1
2342681811_d8c8ae2d68_2051_11979798@N07.jpg
658	230	674	230	28	2
436	242	454	242	51	2
324	285	341	287	51	1
544	240	561	237	28	1
2346344635_f8ee5f03f6_3100_80309848@N00.jpg
778	354	856	348	28	2
154	400	228	402	28	1
2368566942_dc9828af92_3147_88512520@N00.jpg
646	214	716	208	28	2
290	168	356	152	28	2
2368568274_66544a227b_2140_88512520@N00.jpg
438	168	476	164	28	2
558	270	598	276	28	1
2368568490_51d3b87001_2156_88512520@N00.jpg
556	302	594	310	28	1
464	214	504	208	28	2
2368568652_f4e1c98717_2313_88512520@N00.jpg
436	152	484	148	28	2
574	316	620	318	28	1
2368569274_1e69865cf9_2231_88512520@N00.jpg
616	234	718	210	28	1
444	90	554	124	28	2
2377284295_25030e5f1b_2402_35375732@N00.jpg
542	250	562	250	51	2
452	282	468	284	28	1
368	291	384	299	51	1
2393939724_41109e062c_2413_25178717@N04.jpg
384	164	418	162	51	2
470	274	500	274	51	1
253	282	286	282	51	1
597	163	629	158	51	2
2394113198_070e7d4f76_2041_17682602@N03.jpg
626	330	650	328	5	1
494	114	514	110	51	1
426	158	450	162	51	2
416	253	435	250	5	1
584	226	611	219	51	2
2399138600_e424e09e61_3213_47215250@N00.jpg
358	176	408	192	28	2
548	320	598	322	75	1
2405609462_1d7162259f_2395_10098339@N04.jpg
316	174	339	171	28	1
196	165	218	166	28	1
260	151	283	163	28	1
2414314731_f258f2fa09_3279_10790130@N08.jpg
216	326	294	314	28	1
424	422	470	424	1	1
2465886688_baf618f641_2413_36432422@N00.jpg
468	320	504	320	75	2
606	350	636	350	51	1
299	385	330	381	51	1
2472310790_c1120cbf21_3053_26345485@N07.jpg
364	214	400	216	28	2
590	326	624	328	28	1
2479891046_9826bba781_2343_84601337@N00.jpg
213	93	220	93	28	1
249	76	258	76	28	2
2491847088_aca78b9b32_3053_82515960@N00.jpg
750	260	882	232	28	2
214	476	312	438	28	1
2597939989_e80a6d3c30_3020_91636052@N00.jpg
254	324	294	324	28	1
400	214	438	218	28	1
2597940893_0804f65250_3080_91636052@N00.jpg
350	206	384	208	28	2
502	168	536	170	51	2
166	208	199	210	75	2
362299225_f659c8d1f2_124_51737291@N00.jpg
542	354	586	346	28	2
360	414	406	412	28	2
178	395	228	416	28	2
784	386	846	366	28	2
363398715_adad301a28_132_47635335@N00.jpg
306	314	350	328	28	2
492	214	536	216	28	2
609	180	652	156	28	2
916	275	959	256	28	2
367945077_ca14a3636f_156_55858349@N00.jpg
113	80	136	86	28	2
253	81	274	86	28	2
352	95	374	89	28	2
368868121_8ef8336a4e_99_60642656@N00.jpg
306	117	313	116	28	2
179	124	187	124	51	1
215	112	223	113	51	2
263	129	272	129	51	1
370420005_0ce2b2fea3_125_49611055@N00.jpg
676	242	692	240	28	1
412	210	426	212	28	1
340	222	356	223	28	1
371541556_eebaba05c4_181_69207251@N00.jpg
225	205	243	205	28	1
284	201	301	202	28	1
113	175	135	171	28	2
377811254_0b5dbecc6b_153_56412519@N00.jpg
112	109	132	104	28	1
268	75	286	74	28	1
382868803_de02457cca_164_30421550@N00.jpg
248	223	263	222	28	1
200	216	218	213	28	1
305	208	318	203	28	1
390501249_d3107ae68b_145_51939593@N00.jpg
506	488	532	486	28	1
270	238	296	242	28	2
394	251	423	249	28	2
679	203	708	199	28	2
391299528_e645178f73_137_36654903@N00.jpg
228	144	243	143	28	1
271	147	283	147	28	1
165	126	180	128	28	2
315	138	328	133	28	1
391640115_7349b2aa4f_178_76031136@N00.jpg
282	432	320	444	28	2
646	444	674	432	28	2
359	340	387	349	28	2
560	348	584	332	28	2
809	453	843	440	28	2
395924436_4203b58f61_152_92413258@N00.jpg
106	76	122	77	28	2
250	149	265	147	28	1
216	79	235	82	28	2
401206848_dcab848a98_133_62359756@N00.jpg
220	168	239	170	5	2
85	89	104	86	5	2
156	169	172	164	1	2
402282589_73c23a1a39_141_93745350@N00.jpg
716	276	790	258	28	1
464	136	522	112	28	1
215	176	278	186	28	2
403051500_e20d325eaa_129_33494407@N00.jpg
283	128	309	125	28	2
331	113	355	110	28	2
205	92	228	103	28	2
403052330_2e0f80b72e_145_33494407@N00.jpg
331	69	358	64	28	2
250	98	278	96	28	2
194	73	212	86	28	1
404001528_7fbaa3ec41_183_96463101@N00.jpg
512	272	546	266	51	1
222	262	254	264	51	1
359	168	396	163	51	2
405244331_ef020e7072_151_85912750@N00.jpg
720	192	748	190	75	2
354	254	378	256	75	1
250	174	280	176	75	2
530	223	563	229	75	1
405295555_6dca71002a_173_81746486@N00.jpg
372	408	404	406	28	1
498	476	526	476	28	1
266	424	299	429	28	1
405841795_aeb6c00ea9_141_56965202@N00.jpg
362	396	442	422	28	1
574	390	654	376	28	1
708	274	784	238	28	1
406896305_195f89300e_130_89508773@N00.jpg
157	97	187	96	75	2
328	105	357	102	51	2
408462914_4a41f134b0_174_68449751@N00.jpg
366	228	400	228	28	2
530	308	560	308	28	1
650	309	673	291	28	1
417247868_8a05bf9879_178_41355703@N00.jpg
334	398	384	402	51	1
436	450	470	444	1	1
526	287	586	257	51	2
417983682_5156f8f998_187_33494407@N00.jpg
504	194	558	200	51	2
706	204	758	196	51	2
363	190	411	220	28	2
422037524_51d94597a7_175_59047654@N00.jpg
180	179	240	188	16	1
340	126	389	114	16	1
424393519_ec7c9143de_159_7375398@N03.jpg
242	242	268	236	75	2
430	176	458	173	75	2
692	225	720	225	75	2
428735022_dbc9dcad8c_165_69703587@N00.jpg
330	396	364	398	28	1
430	410	466	406	28	1
522	439	557	428	28	1
429657011_ba938b2050_169_95714419@N00.jpg
319	128	336	124	28	1
182	154	199	156	28	1
139	145	154	151	28	1
227	152	238	140	28	1
434468522_81a702e9bf_151_33494407@N00.jpg
428	212	520	232	28	2
250	464	318	452	28	1
649	388	746	416	28	1
436619345_3513cbef8a_184_94222386@N00.jpg
126	450	196	446	28	2
312	416	374	404	28	1
433	401	488	382	28	1
563	412	625	378	28	2
437173203_b74292f927_168_33494407@N00.jpg
358	234	412	240	16	2
488	260	540	268	16	1
592	187	650	167	16	2
441344842_e13500911e_196_33494407@N00.jpg
578	422	652	422	28	1
344	186	414	176	28	2
160	365	215	340	28	1
442362378_9ed416d361_197_7377890@N08.jpg
282	34	295	35	28	1
315	75	326	75	10	1
226	28	241	29	28	2
444315076_ee98df82bf_200_12927365@N00.jpg
164	358	188	356	51	1
296	336	322	340	51	1
446	295	472	295	51	1
584	345	609	347	51	1
674	268	701	265	51	2
451180969_34489fdee8_184_80047773@N00.jpg
220	104	234	106	10	1
138	211	153	211	5	2
301	162	317	166	5	2
454792687_8113835be9_216_28485497@N00.jpg
358	288	382	288	51	2
484	274	506	268	51	2
622	315	647	311	51	2
454851274_5ae6797c3b_250_7323965@N02.jpg
194	97	206	99	28	2
320	104	332	103	28	2
261	82	273	83	28	2
465829431_7235ab2597_210_94857410@N00.jpg
450	234	472	236	28	2
634	272	658	270	28	1
378	282	402	288	28	1
554	279	580	285	28	1
466253070_ae48324c2c_219_14373494@N00.jpg
104	272	248	274	28	2
676	416	800	394	28	1
